0.38, 6.233000e+01
4.39, 7.276000e+01
8.41, 7.954000e+01
12.39, 8.357000e+01
16.41, 8.574000e+01
20.40, 8.672000e+01
24.41, 8.805000e+01
28.42, 8.874000e+01
32.41, 9.014000e+01
36.42, 8.943000e+01
40.43, 8.979000e+01
44.44, 8.874000e+01
48.44, 8.979000e+01
52.45, 8.943000e+01
56.45, 8.874000e+01
60.45, 8.874000e+01
64.45, 8.874000e+01
68.46, 8.839000e+01
72.46, 8.839000e+01
76.46, 8.771000e+01
80.46, 8.839000e+01
84.48, 8.771000e+01
88.47, 8.672000e+01
92.49, 8.771000e+01
96.49, 8.771000e+01
100.49, 8.607000e+01
104.49, 8.672000e+01
108.48, 8.672000e+01
112.49, 8.607000e+01
116.51, 8.511000e+01
120.50, 8.574000e+01
124.50, 8.607000e+01
128.51, 8.543000e+01
132.52, 8.480000e+01
136.52, 8.574000e+01
140.52, 8.480000e+01
144.52, 8.511000e+01
148.53, 8.387000e+01
152.52, 8.387000e+01
156.53, 8.387000e+01
160.55, 8.327000e+01
164.54, 8.327000e+01
168.55, 8.297000e+01
172.56, 8.297000e+01
176.55, 8.237000e+01
180.56, 8.237000e+01
184.56, 8.208000e+01
188.58, 8.237000e+01
192.56, 8.208000e+01
196.58, 8.150000e+01
200.58, 8.208000e+01
204.58, 8.122000e+01
208.59, 8.122000e+01
212.57, 8.122000e+01
216.58, 8.093000e+01
220.60, 8.093000e+01
224.59, 8.037000e+01
228.60, 8.009000e+01
232.61, 7.982000e+01
236.62, 7.954000e+01
240.63, 8.009000e+01
244.61, 8.009000e+01
248.62, 7.927000e+01
252.64, 7.927000e+01
256.63, 7.927000e+01
260.63, 7.927000e+01
264.63, 7.927000e+01
268.64, 7.873000e+01
272.64, 7.873000e+01
276.65, 7.793000e+01
280.65, 7.820000e+01
284.64, 7.793000e+01
288.66, 7.820000e+01
292.67, 7.767000e+01
296.66, 7.767000e+01
300.68, 7.793000e+01
304.68, 7.767000e+01
308.68, 7.690000e+01
312.69, 7.664000e+01
316.68, 7.639000e+01
320.69, 7.664000e+01
324.70, 7.715000e+01
328.69, 7.564000e+01
332.71, 7.588000e+01
336.70, 7.588000e+01
340.71, 7.613000e+01
344.72, 7.564000e+01
348.72, 7.564000e+01
352.71, 7.588000e+01
356.72, 7.490000e+01
360.71, 7.465000e+01
364.73, 7.514000e+01
368.73, 7.514000e+01
372.73, 7.490000e+01
376.74, 7.490000e+01
380.74, 7.417000e+01
384.74, 7.417000e+01
388.76, 7.417000e+01
392.75, 7.370000e+01
396.76, 7.370000e+01
400.76, 7.393000e+01
404.76, 7.346000e+01
408.78, 7.346000e+01
412.77, 7.299000e+01
416.79, 7.323000e+01
420.77, 7.299000e+01
424.78, 7.276000e+01
428.79, 7.299000e+01
432.79, 7.299000e+01
436.80, 7.230000e+01
440.81, 7.230000e+01
444.81, 7.207000e+01
448.80, 7.207000e+01
452.81, 7.230000e+01
456.81, 7.230000e+01
460.82, 7.207000e+01
464.81, 7.139000e+01
468.82, 7.162000e+01
472.83, 7.207000e+01
476.84, 7.139000e+01
480.84, 7.117000e+01
484.83, 7.117000e+01
488.85, 7.139000e+01
492.85, 7.073000e+01
496.85, 7.051000e+01
500.86, 7.117000e+01
504.87, 7.073000e+01
508.86, 7.051000e+01
512.86, 7.051000e+01
516.88, 7.073000e+01
520.88, 6.985000e+01
524.88, 7.007000e+01
528.88, 6.964000e+01
532.88, 7.029000e+01
536.88, 6.942000e+01
540.89, 6.985000e+01
544.91, 6.965000e+01
548.89, 6.942000e+01
552.90, 6.942000e+01
556.90, 6.902000e+01
560.91, 6.879000e+01
564.90, 6.872000e+01
568.92, 6.871000e+01
572.92, 6.860000e+01
576.92, 6.859000e+01
580.93, 6.858000e+01
584.93, 6.816000e+01
588.95, 6.774000e+01
592.94, 6.816000e+01
596.93, 6.858000e+01
600.95, 6.795000e+01
604.95, 6.774000e+01
608.95, 6.774000e+01
612.96, 6.795000e+01
616.96, 6.774000e+01
620.97, 6.733000e+01
624.97, 6.713000e+01
628.96, 6.733000e+01
632.98, 6.733000e+01
636.97, 6.713000e+01
640.98, 6.673000e+01
644.99, 6.673000e+01
648.99, 6.713000e+01
653.00, 6.653000e+01
657.01, 6.673000e+01
661.00, 6.653000e+01
665.01, 6.653000e+01
669.00, 6.633000e+01
673.01, 6.593000e+01
677.03, 6.593000e+01
681.03, 6.593000e+01
685.03, 6.554000e+01
689.04, 6.613000e+01
693.04, 6.573000e+01
697.04, 6.554000e+01
701.03, 6.573000e+01
705.04, 6.534000e+01
709.05, 6.554000e+01
713.05, 6.534000e+01
717.05, 6.496000e+01
721.07, 6.496000e+01
725.05, 6.476000e+01
729.05, 6.496000e+01
733.08, 6.476000e+01
737.08, 6.496000e+01
741.08, 6.438000e+01
745.07, 6.438000e+01
749.07, 6.419000e+01
753.08, 6.438000e+01
757.10, 6.438000e+01
761.09, 6.381000e+01
765.10, 6.387000e+01
769.10, 6.381000e+01
773.10, 6.381000e+01
777.10, 6.381000e+01
781.12, 6.362000e+01
785.13, 6.362000e+01
789.12, 6.362000e+01
793.13, 6.362000e+01
797.13, 6.325000e+01
801.14, 6.306000e+01
805.13, 6.325000e+01
809.15, 6.306000e+01
813.14, 6.270000e+01
817.14, 6.251000e+01
821.14, 6.306000e+01
825.15, 6.288000e+01
829.15, 6.288000e+01
833.16, 6.288000e+01
837.16, 6.270000e+01
841.17, 6.251000e+01
845.18, 6.215000e+01
849.18, 6.179000e+01
853.17, 6.197000e+01
857.18, 6.215000e+01
861.18, 6.179000e+01
865.19, 6.197000e+01
869.18, 6.161000e+01
873.20, 6.125000e+01
877.19, 6.143000e+01
881.21, 6.179000e+01
885.20, 6.143000e+01
889.21, 6.161000e+01
893.21, 6.125000e+01
897.23, 6.090000e+01
901.22, 6.107000e+01
905.23, 6.143000e+01
909.23, 6.072000e+01
913.24, 6.107000e+01
917.23, 6.054000e+01
921.25, 6.107000e+01
925.24, 6.072000e+01
929.26, 6.019000e+01
933.25, 6.037000e+01
937.26, 6.054000e+01
941.25, 6.002000e+01
945.27, 5.985000e+01
949.27, 6.019000e+01
953.27, 6.019000e+01
957.26, 6.002000e+01
961.29, 6.019000e+01
965.29, 6.002000e+01
969.28, 5.967000e+01
973.30, 5.950000e+01
977.29, 5.933000e+01
981.30, 5.985000e+01
985.29, 5.933000e+01
989.30, 5.950000e+01
993.30, 5.933000e+01
997.31, 5.916000e+01
1001.32, 5.899000e+01
1005.32, 5.933000e+01
1009.33, 5.933000e+01
1013.33, 5.882000e+01
1017.32, 5.899000e+01
1021.32, 5.865000e+01
1025.34, 5.865000e+01
1029.33, 5.865000e+01
1033.34, 5.865000e+01
1037.35, 5.848000e+01
1041.36, 5.832000e+01
1045.35, 5.832000e+01
1049.36, 5.798000e+01
1053.37, 5.848000e+01
1057.36, 5.832000e+01
1061.36, 5.848000e+01
1065.37, 5.815000e+01
1069.38, 5.782000e+01
1073.38, 5.798000e+01
1077.39, 5.798000e+01
1081.38, 5.765000e+01
1085.38, 5.782000e+01
1089.40, 5.749000e+01
1093.40, 5.782000e+01
1097.40, 5.749000e+01
1101.41, 5.749000e+01
1105.41, 5.716000e+01
1109.42, 5.749000e+01
1113.42, 5.739000e+01
1117.43, 5.732000e+01
1121.42, 5.683000e+01
1125.44, 5.716000e+01
1129.43, 5.683000e+01
1133.42, 5.683000e+01
1137.44, 5.667000e+01
1141.44, 5.683000e+01
1145.44, 5.683000e+01
1149.45, 5.673000e+01
1153.45, 5.667000e+01
1157.46, 5.683000e+01
1161.48, 5.635000e+01
1165.47, 5.651000e+01
1169.47, 5.651000e+01
1173.48, 5.667000e+01
1177.47, 5.635000e+01
1181.49, 5.619000e+01
1185.48, 5.587000e+01
1189.48, 5.603000e+01
1193.49, 5.619000e+01
1197.50, 5.587000e+01
1201.51, 5.571000e+01
1205.50, 5.603000e+01
1209.52, 5.587000e+01
1213.51, 5.539000e+01
1217.52, 5.587000e+01
1221.52, 5.571000e+01
1225.52, 5.571000e+01
1229.52, 5.555000e+01
1233.54, 5.524000e+01
1237.53, 5.555000e+01
1241.53, 5.555000e+01
1245.54, 5.524000e+01
1249.54, 5.508000e+01
1253.54, 5.492000e+01
1257.54, 5.492000e+01
1261.55, 5.492000e+01
1265.56, 5.492000e+01
1269.56, 5.477000e+01
1273.55, 5.477000e+01
1277.56, 5.461000e+01
1281.56, 5.477000e+01
1285.57, 5.446000e+01
1289.58, 5.430000e+01
1293.57, 5.430000e+01
1297.59, 5.446000e+01
1301.59, 5.446000e+01
1305.60, 5.399000e+01
1309.59, 5.415000e+01
1313.59, 5.384000e+01
1317.61, 5.399000e+01
1321.61, 5.399000e+01
1325.62, 5.415000e+01
1329.61, 5.399000e+01
1333.63, 5.384000e+01
1337.62, 5.369000e+01
1341.62, 5.384000e+01
1345.62, 5.369000e+01
1349.62, 5.369000e+01
1353.63, 5.354000e+01
1357.63, 5.384000e+01
1361.65, 5.354000e+01
1365.65, 5.369000e+01
1369.66, 5.338000e+01
1373.66, 5.338000e+01
1377.66, 5.308000e+01
1381.67, 5.323000e+01
1385.67, 5.323000e+01
1389.66, 5.323000e+01
1393.66, 5.354000e+01
1397.67, 5.278000e+01
1401.67, 5.308000e+01
1405.70, 5.293000e+01
1409.70, 5.308000e+01
1413.69, 5.278000e+01
1417.71, 5.293000e+01
1421.70, 5.248000e+01
1425.70, 5.248000e+01
1429.70, 5.278000e+01
1433.71, 5.278000e+01
1437.70, 5.218000e+01
1441.72, 5.218000e+01
1445.73, 5.263000e+01
1449.74, 5.248000e+01
1453.73, 5.204000e+01
1457.73, 5.218000e+01
1461.73, 5.204000e+01
1465.74, 5.204000e+01
1469.75, 5.233000e+01
1473.74, 5.204000e+01
1477.75, 5.218000e+01
1481.76, 5.189000e+01
1485.76, 5.204000e+01
1489.75, 5.204000e+01
1493.76, 5.189000e+01
1497.77, 5.174000e+01
1501.78, 5.189000e+01
1505.77, 5.145000e+01
1509.79, 5.159000e+01
1513.79, 5.130000e+01
1517.79, 5.130000e+01
1521.80, 5.159000e+01
1525.80, 5.130000e+01
1529.79, 5.130000e+01
1533.80, 5.159000e+01
1537.82, 5.116000e+01
1541.81, 5.101000e+01
1545.81, 5.116000e+01
1549.83, 5.101000e+01
1553.83, 5.116000e+01
1557.82, 5.101000e+01
1561.83, 5.072000e+01
1565.84, 5.058000e+01
1569.83, 5.087000e+01
1573.85, 5.116000e+01
1577.84, 5.058000e+01
1581.85, 5.058000e+01
1585.84, 5.072000e+01
1589.85, 5.029000e+01
1593.85, 5.072000e+01
1597.86, 5.043000e+01
1601.87, 5.058000e+01
1605.87, 5.015000e+01
1609.87, 5.015000e+01
1613.88, 5.029000e+01
1617.89, 5.043000e+01
1621.88, 5.015000e+01
1625.88, 5.015000e+01
1629.88, 5.015000e+01
1633.90, 5.015000e+01
1637.90, 4.972000e+01
1641.91, 4.972000e+01
1645.90, 5.015000e+01
1649.90, 4.986000e+01
1653.91, 4.986000e+01
1657.91, 4.986000e+01
1661.91, 4.986000e+01
1665.92, 4.958000e+01
1669.92, 4.986000e+01
1673.95, 4.944000e+01
1677.93, 4.930000e+01
1681.95, 4.958000e+01
1685.94, 4.972000e+01
1689.96, 4.958000e+01
1693.96, 4.930000e+01
1697.95, 4.944000e+01
1701.95, 4.944000e+01
1705.95, 4.944000e+01
1709.96, 4.930000e+01
1713.97, 4.916000e+01
1717.97, 4.902000e+01
1721.99, 4.888000e+01
1726.00, 4.916000e+01
1729.98, 4.874000e+01
1734.00, 4.888000e+01
1738.00, 4.930000e+01
1741.98, 4.888000e+01
1746.00, 4.888000e+01
1750.01, 4.860000e+01
1754.01, 4.860000e+01
1758.01, 4.846000e+01
1762.01, 4.846000e+01
1766.03, 4.860000e+01
1770.02, 4.874000e+01
1774.03, 4.860000e+01
1778.04, 4.846000e+01
1782.03, 4.860000e+01
1786.03, 4.832000e+01
1790.04, 4.846000e+01
1794.03, 4.846000e+01
1798.06, 4.832000e+01
1802.05, 4.832000e+01
1806.06, 4.832000e+01
1810.06, 4.832000e+01
1814.06, 4.832000e+01
1818.05, 4.791000e+01
1822.06, 4.818000e+01
1826.07, 4.804000e+01
1830.08, 4.777000e+01
1834.07, 4.791000e+01
1838.09, 4.777000e+01
1842.09, 4.750000e+01
1846.09, 4.736000e+01
1850.10, 4.791000e+01
1854.11, 4.777000e+01
1858.10, 4.791000e+01
1862.11, 4.750000e+01
1866.10, 4.722000e+01
1870.12, 4.736000e+01
1874.12, 4.736000e+01
1878.12, 4.736000e+01
1882.14, 4.750000e+01
1886.13, 4.722000e+01
1890.12, 4.736000e+01
1894.14, 4.736000e+01
1898.15, 4.709000e+01
1902.15, 4.736000e+01
1906.16, 4.709000e+01
1910.16, 4.736000e+01
1914.16, 4.709000e+01
1918.15, 4.682000e+01
1922.16, 4.709000e+01
1926.18, 4.709000e+01
1930.18, 4.682000e+01
1934.16, 4.682000e+01
1938.19, 4.682000e+01
1942.19, 4.668000e+01
1946.20, 4.682000e+01
1950.19, 4.668000e+01
1954.18, 4.682000e+01
1958.20, 4.682000e+01
1962.21, 4.695000e+01
1966.20, 4.655000e+01
1970.22, 4.668000e+01
1974.22, 4.668000e+01
1978.22, 4.641000e+01
1982.23, 4.655000e+01
1986.23, 4.615000e+01
1990.23, 4.668000e+01
1994.24, 4.615000e+01
1998.24, 4.641000e+01
2002.25, 4.615000e+01
2006.24, 4.641000e+01
2010.23, 4.588000e+01
2014.25, 4.588000e+01
2018.26, 4.615000e+01
2022.26, 4.601000e+01
2026.26, 4.628000e+01
2030.27, 4.615000e+01
2034.26, 4.588000e+01
2038.27, 4.588000e+01
2042.28, 4.588000e+01
2046.27, 4.548000e+01
2050.28, 4.561000e+01
2054.28, 4.575000e+01
2058.29, 4.535000e+01
2062.29, 4.588000e+01
2066.29, 4.575000e+01
2070.31, 4.548000e+01
2074.30, 4.561000e+01
2078.32, 4.561000e+01
2082.30, 4.535000e+01
2086.32, 4.522000e+01
2090.32, 4.561000e+01
2094.31, 4.548000e+01
2098.32, 4.561000e+01
2102.32, 4.548000e+01
2106.34, 4.548000e+01
2110.34, 4.535000e+01
2114.35, 4.535000e+01
2118.33, 4.522000e+01
2122.34, 4.509000e+01
2126.34, 4.509000e+01
2130.35, 4.509000e+01
2134.34, 4.496000e+01
2138.36, 4.509000e+01
2142.38, 4.509000e+01
2146.37, 4.483000e+01
2150.38, 4.469000e+01
2154.37, 4.496000e+01
2158.38, 4.483000e+01
2162.38, 4.469000e+01
2166.38, 4.443000e+01
2170.40, 4.483000e+01
2174.39, 4.456000e+01
2178.40, 4.483000e+01
2182.40, 4.469000e+01
2186.41, 4.469000e+01
2190.42, 4.469000e+01
2194.41, 4.443000e+01
2198.41, 4.469000e+01
2202.43, 4.430000e+01
2206.42, 4.418000e+01
2210.44, 4.456000e+01
2214.43, 4.443000e+01
2218.44, 4.456000e+01
2222.44, 4.405000e+01
2226.45, 4.430000e+01
2230.45, 4.418000e+01
2234.45, 4.418000e+01
2238.45, 4.405000e+01
2242.44, 4.392000e+01
2246.46, 4.430000e+01
2250.46, 4.392000e+01
2254.47, 4.379000e+01
2258.47, 4.366000e+01
2262.48, 4.366000e+01
2266.48, 4.392000e+01
2270.47, 4.353000e+01
2274.48, 4.392000e+01
2278.49, 4.418000e+01
2282.49, 4.379000e+01
2286.49, 4.366000e+01
2290.51, 4.379000e+01
2294.50, 4.366000e+01
2298.50, 4.353000e+01
2302.50, 4.366000e+01
2306.51, 4.366000e+01
2310.51, 4.328000e+01
2314.53, 4.366000e+01
2318.52, 4.340000e+01
2322.53, 4.328000e+01
2326.54, 4.340000e+01
2330.53, 4.328000e+01
2334.54, 4.315000e+01
2338.56, 4.328000e+01
2342.55, 4.328000e+01
2346.56, 4.340000e+01
2350.54, 4.328000e+01
2354.55, 4.302000e+01
2358.57, 4.328000e+01
2362.56, 4.302000e+01
2366.56, 4.289000e+01
2370.56, 4.315000e+01
2374.59, 4.302000e+01
2378.59, 4.302000e+01
2382.58, 4.289000e+01
2386.59, 4.277000e+01
2390.60, 4.289000e+01
2394.59, 4.264000e+01
2398.60, 4.289000e+01
2402.59, 4.277000e+01
2406.61, 4.277000e+01
2410.62, 4.277000e+01
2414.61, 4.264000e+01
2418.63, 4.264000e+01
2422.62, 4.264000e+01
2426.62, 4.264000e+01
2430.62, 4.277000e+01
2434.64, 4.251000e+01
2438.64, 4.251000e+01
2442.64, 4.251000e+01
2446.64, 4.264000e+01
2450.66, 4.264000e+01
2454.65, 4.226000e+01
2458.66, 4.251000e+01
2462.66, 4.251000e+01
2466.66, 4.226000e+01
2470.67, 4.214000e+01
2474.68, 4.214000e+01
2478.66, 4.226000e+01
2482.69, 4.226000e+01
2486.68, 4.226000e+01
2490.70, 4.226000e+01
2494.69, 4.189000e+01
2498.69, 4.226000e+01
2502.70, 4.201000e+01
2506.70, 4.226000e+01
2510.71, 4.176000e+01
2514.70, 4.226000e+01
2518.72, 4.189000e+01
2522.72, 4.201000e+01
2526.71, 4.189000e+01
2530.72, 4.214000e+01
2534.72, 4.176000e+01
2538.73, 4.176000e+01
2542.73, 4.151000e+01
2546.74, 4.164000e+01
2550.75, 4.189000e+01
2554.74, 4.176000e+01
2558.74, 4.176000e+01
2562.75, 4.164000e+01
2566.74, 4.164000e+01
2570.76, 4.151000e+01
2574.75, 4.164000e+01
2578.77, 4.164000e+01
2582.78, 4.139000e+01
2586.77, 4.176000e+01
2590.77, 4.139000e+01
2594.78, 4.164000e+01
2598.78, 4.139000e+01
2602.79, 4.151000e+01
2606.79, 4.126000e+01
2610.80, 4.126000e+01
2614.79, 4.126000e+01
2618.80, 4.114000e+01
2622.82, 4.139000e+01
2626.81, 4.139000e+01
2630.82, 4.114000e+01
2634.81, 4.114000e+01
2638.82, 4.102000e+01
2642.82, 4.114000e+01
2646.83, 4.114000e+01
2650.84, 4.114000e+01
2654.84, 4.077000e+01
2658.84, 4.102000e+01
2662.85, 4.102000e+01
2666.83, 4.089000e+01
2670.85, 4.065000e+01
2674.85, 4.102000e+01
2678.86, 4.052000e+01
2682.87, 4.065000e+01
2686.86, 4.077000e+01
2690.86, 4.102000e+01
2694.87, 4.077000e+01
2698.88, 4.089000e+01
2702.89, 4.052000e+01
2706.88, 4.052000e+01
2710.88, 4.065000e+01
2714.89, 4.065000e+01
2718.89, 4.040000e+01
2722.90, 4.028000e+01
2726.91, 4.077000e+01
2730.90, 4.052000e+01
2734.91, 4.028000e+01
2738.91, 4.052000e+01
2742.92, 4.065000e+01
2746.92, 4.065000e+01
2750.92, 4.028000e+01
2754.93, 4.040000e+01
2758.93, 4.003000e+01
2762.92, 4.003000e+01
2766.95, 4.028000e+01
2770.94, 4.040000e+01
2774.94, 4.028000e+01
2778.94, 4.040000e+01
2782.96, 4.003000e+01
2786.96, 4.028000e+01
2790.96, 4.028000e+01
2794.97, 4.003000e+01
2798.97, 4.016000e+01
2802.97, 4.003000e+01
2806.99, 3.991000e+01
2810.99, 3.967000e+01
2814.98, 3.979000e+01
2818.99, 4.003000e+01
2823.00, 4.003000e+01
2826.99, 3.979000e+01
2831.00, 4.003000e+01
2835.01, 3.991000e+01
2839.01, 3.991000e+01
2843.02, 3.955000e+01
2847.01, 3.967000e+01
2851.01, 3.967000e+01
2855.02, 3.991000e+01
2859.02, 3.967000e+01
2863.02, 3.943000e+01
2867.04, 3.955000e+01
2871.04, 3.967000e+01
2875.03, 3.967000e+01
2879.05, 3.967000e+01
2883.03, 3.955000e+01
2887.04, 3.931000e+01
2891.05, 3.955000e+01
2895.05, 3.943000e+01
2899.05, 3.967000e+01
2903.05, 3.943000e+01
2907.06, 3.919000e+01
2911.06, 3.931000e+01
2915.07, 3.943000e+01
2919.08, 3.931000e+01
2923.09, 3.943000e+01
2927.08, 3.943000e+01
2931.09, 3.943000e+01
2935.09, 3.943000e+01
2939.08, 3.907000e+01
2943.09, 3.895000e+01
2947.10, 3.907000e+01
2951.09, 3.907000e+01
2955.11, 3.919000e+01
2959.12, 3.895000e+01
2963.13, 3.919000e+01
2967.12, 3.883000e+01
2971.14, 3.883000e+01
2975.13, 3.883000e+01
2979.12, 3.907000e+01
2983.15, 3.907000e+01
2987.13, 3.895000e+01
2991.15, 3.907000e+01
2995.14, 3.895000e+01
2999.15, 3.895000e+01
3003.14, 3.883000e+01
3007.15, 3.871000e+01
3011.15, 3.895000e+01
3015.17, 3.883000e+01
3019.17, 3.871000e+01
3023.17, 3.883000e+01
3027.18, 3.883000e+01
3031.19, 3.883000e+01
3035.18, 3.871000e+01
3039.19, 3.883000e+01
3043.19, 3.871000e+01
3047.20, 3.871000e+01
3051.19, 3.871000e+01
3055.19, 3.823000e+01
3059.20, 3.871000e+01
3063.21, 3.823000e+01
3067.21, 3.823000e+01
3071.22, 3.823000e+01
3075.21, 3.859000e+01
3079.22, 3.859000e+01
3083.22, 3.799000e+01
3087.23, 3.847000e+01
3091.24, 3.823000e+01
3095.24, 3.847000e+01
3099.23, 3.811000e+01
3103.24, 3.811000e+01
3107.25, 3.823000e+01
3111.25, 3.787000e+01
3115.27, 3.823000e+01
3119.25, 3.799000e+01
3123.28, 3.799000e+01
3127.27, 3.835000e+01
3131.26, 3.811000e+01
3135.27, 3.823000e+01
3139.28, 3.811000e+01
3143.29, 3.787000e+01
3147.28, 3.799000e+01
3151.30, 3.811000e+01
3155.30, 3.811000e+01
3159.31, 3.823000e+01
3163.31, 3.811000e+01
3167.30, 3.811000e+01
3171.31, 3.775000e+01
3175.31, 3.799000e+01
3179.31, 3.799000e+01
3183.31, 3.775000e+01
3187.33, 3.787000e+01
3191.32, 3.787000e+01
3195.34, 3.775000e+01
3199.34, 3.799000e+01
3203.33, 3.799000e+01
3207.34, 3.787000e+01
3211.35, 3.775000e+01
3215.35, 3.775000e+01
3219.35, 3.752000e+01
3223.35, 3.752000e+01
3227.36, 3.752000e+01
3231.36, 3.740000e+01
3235.37, 3.775000e+01
3239.38, 3.740000e+01
3243.37, 3.752000e+01
3247.37, 3.740000e+01
3251.38, 3.752000e+01
3255.40, 3.728000e+01
3259.39, 3.740000e+01
3263.39, 3.752000e+01
3267.40, 3.728000e+01
3271.40, 3.716000e+01
3275.40, 3.728000e+01
3279.42, 3.716000e+01
3283.41, 3.740000e+01
3287.40, 3.716000e+01
3291.42, 3.740000e+01
3295.42, 3.716000e+01
3299.42, 3.728000e+01
3303.41, 3.728000e+01
3307.44, 3.728000e+01
3311.45, 3.704000e+01
3315.44, 3.716000e+01
3319.43, 3.716000e+01
3323.44, 3.704000e+01
3327.44, 3.693000e+01
3331.44, 3.704000e+01
3335.47, 3.716000e+01
3339.46, 3.716000e+01
3343.46, 3.716000e+01
3347.48, 3.716000e+01
3351.47, 3.693000e+01
3355.46, 3.693000e+01
3359.48, 3.693000e+01
3363.48, 3.693000e+01
3367.48, 3.693000e+01
3371.49, 3.669000e+01
3375.50, 3.658000e+01
3379.50, 3.681000e+01
3383.51, 3.669000e+01
3387.51, 3.681000e+01
3391.52, 3.681000e+01
3395.51, 3.681000e+01
3399.52, 3.693000e+01
3403.53, 3.681000e+01
3407.51, 3.658000e+01
3411.53, 3.669000e+01
3415.53, 3.693000e+01
3419.54, 3.658000e+01
3423.53, 3.634000e+01
3427.54, 3.658000e+01
3431.54, 3.658000e+01
3435.55, 3.646000e+01
3439.55, 3.658000e+01
3443.56, 3.646000e+01
3447.56, 3.623000e+01
3451.56, 3.658000e+01
3455.56, 3.669000e+01
3459.57, 3.669000e+01
3463.59, 3.658000e+01
3467.58, 3.658000e+01
3471.59, 3.634000e+01
3475.58, 3.646000e+01
3479.58, 3.634000e+01
3483.59, 3.646000e+01
3487.61, 3.599000e+01
3491.60, 3.634000e+01
3495.59, 3.646000e+01
3499.60, 3.634000e+01
3503.60, 3.623000e+01
3507.62, 3.611000e+01
3511.61, 3.646000e+01
3515.61, 3.599000e+01
3519.63, 3.623000e+01
3523.64, 3.611000e+01
3527.63, 3.623000e+01
3531.64, 3.599000e+01
3535.64, 3.634000e+01
3539.64, 3.623000e+01
3543.64, 3.634000e+01
3547.66, 3.611000e+01
3551.66, 3.599000e+01
3555.66, 3.588000e+01
3559.65, 3.588000e+01
3563.66, 3.599000e+01
3567.68, 3.599000e+01
3571.68, 3.576000e+01
3575.68, 3.599000e+01
3579.68, 3.588000e+01
3583.69, 3.599000e+01
3587.68, 3.576000e+01
3591.70, 3.565000e+01
3595.71, 3.588000e+01
3599.70, 3.588000e+01
3603.69, 3.599000e+01
3607.71, 3.576000e+01
3611.71, 3.588000e+01
3615.71, 3.565000e+01
3619.72, 3.565000e+01
3623.72, 3.553000e+01
3627.72, 3.565000e+01
3631.73, 3.576000e+01
3635.73, 3.565000e+01
3639.74, 3.553000e+01
3643.74, 3.565000e+01
3647.73, 3.542000e+01
3651.75, 3.553000e+01
3655.76, 3.565000e+01
3659.76, 3.565000e+01
3663.75, 3.542000e+01
3667.76, 3.553000e+01
3671.77, 3.565000e+01
3675.78, 3.519000e+01
3679.76, 3.565000e+01
3683.77, 3.542000e+01
3687.78, 3.530000e+01
3691.79, 3.542000e+01
3695.79, 3.553000e+01
3699.78, 3.530000e+01
3703.79, 3.507000e+01
3707.80, 3.519000e+01
3711.81, 3.542000e+01
3715.79, 3.530000e+01
3719.81, 3.530000e+01
3723.80, 3.507000e+01
3727.81, 3.507000e+01
3731.81, 3.530000e+01
3735.82, 3.507000e+01
3739.83, 3.496000e+01
3743.83, 3.519000e+01
3747.83, 3.519000e+01
3751.85, 3.542000e+01
3755.84, 3.507000e+01
3759.85, 3.484000e+01
3763.85, 3.519000e+01
3767.85, 3.484000e+01
3771.87, 3.507000e+01
3775.86, 3.519000e+01
3779.86, 3.519000e+01
3783.86, 3.484000e+01
3787.88, 3.496000e+01
3791.87, 3.507000e+01
3795.88, 3.507000e+01
3799.89, 3.496000e+01
3803.88, 3.507000e+01
3807.89, 3.507000e+01
3811.89, 3.507000e+01
3815.90, 3.473000e+01
3819.91, 3.484000e+01
3823.91, 3.473000e+01
3827.91, 3.484000e+01
3831.91, 3.461000e+01
3835.91, 3.496000e+01
3839.92, 3.473000e+01
3843.93, 3.473000e+01
3847.93, 3.484000e+01
3851.93, 3.461000e+01
3855.93, 3.484000e+01
3859.93, 3.450000e+01
3863.95, 3.461000e+01
3867.94, 3.450000e+01
3871.95, 3.461000e+01
3875.95, 3.473000e+01
3879.96, 3.450000e+01
3883.96, 3.461000e+01
3887.95, 3.461000e+01
3891.96, 3.461000e+01
3895.97, 3.450000e+01
3899.98, 3.427000e+01
3903.98, 3.450000e+01
3907.97, 3.450000e+01
3911.99, 3.450000e+01
3915.98, 3.438000e+01
3920.00, 3.438000e+01
3923.98, 3.438000e+01
3928.00, 3.427000e+01
3932.00, 3.438000e+01
3936.01, 3.450000e+01
3940.01, 3.427000e+01
3944.02, 3.416000e+01
3948.01, 3.438000e+01
3952.02, 3.404000e+01
3956.02, 3.450000e+01
3960.03, 3.404000e+01
3964.04, 3.393000e+01
3968.04, 3.438000e+01
3972.04, 3.438000e+01
3976.03, 3.438000e+01
3980.05, 3.404000e+01
3984.06, 3.427000e+01
3988.05, 3.404000e+01
3992.05, 3.427000e+01
3996.07, 3.416000e+01
4000.07, 3.404000e+01
4004.06, 3.427000e+01
4008.07, 3.404000e+01
4012.07, 3.404000e+01
4016.08, 3.393000e+01
4020.09, 3.404000e+01
4024.08, 3.404000e+01
4028.08, 3.404000e+01
4032.10, 3.370000e+01
4036.11, 3.404000e+01
4040.10, 3.393000e+01
4044.11, 3.404000e+01
4048.12, 3.382000e+01
4052.10, 3.393000e+01
4056.12, 3.393000e+01
4060.11, 3.404000e+01
4064.11, 3.382000e+01
4068.14, 3.404000e+01
4072.13, 3.393000e+01
4076.12, 3.359000e+01
4080.13, 3.382000e+01
4084.14, 3.393000e+01
4088.15, 3.393000e+01
4092.16, 3.404000e+01
4096.15, 3.382000e+01
4100.17, 3.382000e+01
4104.15, 3.370000e+01
4108.15, 3.382000e+01
4112.17, 3.370000e+01
4116.18, 3.370000e+01
4120.17, 3.359000e+01
4124.17, 3.370000e+01
4128.19, 3.382000e+01
4132.18, 3.359000e+01
4136.18, 3.359000e+01
4140.18, 3.382000e+01
4144.20, 3.370000e+01
4148.19, 3.359000e+01
4152.20, 3.370000e+01
4156.20, 3.370000e+01
4160.21, 3.359000e+01
4164.20, 3.359000e+01
4168.22, 3.325000e+01
4172.21, 3.370000e+01
4176.23, 3.348000e+01
4180.23, 3.348000e+01
4184.22, 3.359000e+01
4188.23, 3.336000e+01
4192.24, 3.336000e+01
4196.23, 3.359000e+01
4200.25, 3.325000e+01
4204.25, 3.336000e+01
4208.25, 3.348000e+01
4212.26, 3.336000e+01
4216.26, 3.325000e+01
4220.26, 3.348000e+01
4224.27, 3.348000e+01
4228.27, 3.336000e+01
4232.27, 3.325000e+01
4236.29, 3.303000e+01
4240.28, 3.336000e+01
4244.28, 3.348000e+01
4248.29, 3.325000e+01
4252.29, 3.325000e+01
4256.29, 3.314000e+01
4260.30, 3.291000e+01
4264.30, 3.314000e+01
4268.30, 3.303000e+01
4272.30, 3.325000e+01
4276.31, 3.314000e+01
4280.33, 3.325000e+01
4284.33, 3.325000e+01
4288.33, 3.325000e+01
4292.33, 3.291000e+01
4296.34, 3.325000e+01
4300.33, 3.314000e+01
4304.34, 3.303000e+01
4308.35, 3.303000e+01
4312.34, 3.280000e+01
4316.35, 3.314000e+01
4320.37, 3.280000e+01
4324.37, 3.314000e+01
4328.37, 3.303000e+01
4332.37, 3.314000e+01
4336.37, 3.314000e+01
4340.38, 3.303000e+01
4344.39, 3.269000e+01
4348.38, 3.291000e+01
4352.39, 3.269000e+01
4356.39, 3.291000e+01
4360.38, 3.291000e+01
4364.39, 3.303000e+01
4368.39, 3.269000e+01
4372.41, 3.258000e+01
4376.42, 3.258000e+01
4380.40, 3.291000e+01
4384.42, 3.269000e+01
4388.41, 3.291000e+01
4392.43, 3.269000e+01
4396.43, 3.269000e+01
4400.43, 3.258000e+01
4404.43, 3.291000e+01
4408.44, 3.269000e+01
4412.45, 3.280000e+01
4416.44, 3.280000e+01
4420.45, 3.280000e+01
4424.45, 3.269000e+01
4428.45, 3.269000e+01
4432.46, 3.235000e+01
4436.46, 3.258000e+01
4440.46, 3.269000e+01
4444.47, 3.224000e+01
4448.48, 3.235000e+01
4452.47, 3.258000e+01
4456.49, 3.246000e+01
4460.49, 3.258000e+01
4464.50, 3.235000e+01
4468.49, 3.224000e+01
4472.49, 3.224000e+01
4476.50, 3.235000e+01
4480.49, 3.224000e+01
4484.51, 3.235000e+01
4488.52, 3.224000e+01
4492.51, 3.246000e+01
4496.52, 3.258000e+01
4500.52, 3.246000e+01
4504.53, 3.246000e+01
4508.52, 3.235000e+01
4512.53, 3.235000e+01
4516.53, 3.235000e+01
4520.55, 3.235000e+01
4524.54, 3.246000e+01
4528.55, 3.246000e+01
4532.55, 3.224000e+01
4536.56, 3.235000e+01
4540.56, 3.235000e+01
4544.55, 3.224000e+01
4548.56, 3.235000e+01
4552.55, 3.213000e+01
4556.57, 3.224000e+01
4560.56, 3.235000e+01
4564.57, 3.202000e+01
4568.58, 3.224000e+01
4572.58, 3.235000e+01
4576.58, 3.213000e+01
4580.60, 3.191000e+01
4584.60, 3.191000e+01
4588.59, 3.235000e+01
4592.61, 3.191000e+01
4596.61, 3.191000e+01
4600.62, 3.202000e+01
4604.62, 3.213000e+01
4608.63, 3.202000e+01
4612.63, 3.213000e+01
4616.62, 3.202000e+01
4620.62, 3.179000e+01
4624.65, 3.202000e+01
4628.64, 3.191000e+01
4632.65, 3.202000e+01
4636.65, 3.213000e+01
4640.65, 3.202000e+01
4644.66, 3.191000e+01
4648.65, 3.191000e+01
4652.65, 3.202000e+01
4656.66, 3.213000e+01
4660.67, 3.168000e+01
4664.67, 3.202000e+01
4668.67, 3.202000e+01
4672.69, 3.191000e+01
4676.68, 3.179000e+01
4680.67, 3.202000e+01
4684.70, 3.191000e+01
4688.69, 3.179000e+01
4692.69, 3.179000e+01
4696.71, 3.168000e+01
4700.70, 3.191000e+01
4704.70, 3.168000e+01
4708.71, 3.168000e+01
4712.71, 3.168000e+01
4716.72, 3.168000e+01
4720.73, 3.191000e+01
4724.73, 3.179000e+01
4728.74, 3.179000e+01
4732.73, 3.191000e+01
4736.73, 3.179000e+01
4740.75, 3.168000e+01
4744.75, 3.168000e+01
4748.75, 3.157000e+01
4752.76, 3.135000e+01
4756.75, 3.135000e+01
4760.76, 3.168000e+01
4764.77, 3.146000e+01
4768.76, 3.146000e+01
4772.76, 3.168000e+01
4776.77, 3.168000e+01
4780.78, 3.135000e+01
4784.78, 3.146000e+01
4788.78, 3.146000e+01
4792.78, 3.157000e+01
4796.78, 3.146000e+01
4800.78, 3.157000e+01
4804.81, 3.124000e+01
4808.79, 3.135000e+01
4812.80, 3.146000e+01
4816.81, 3.113000e+01
4820.82, 3.113000e+01
4824.82, 3.146000e+01
4828.81, 3.135000e+01
4832.82, 3.124000e+01
4836.82, 3.157000e+01
4840.83, 3.124000e+01
4844.83, 3.124000e+01
4848.83, 3.124000e+01
4852.84, 3.135000e+01
4856.84, 3.146000e+01
4860.85, 3.135000e+01
4864.86, 3.146000e+01
4868.84, 3.146000e+01
4872.85, 3.124000e+01
4876.85, 3.113000e+01
4880.87, 3.124000e+01
4884.87, 3.102000e+01
4888.87, 3.113000e+01
4892.88, 3.124000e+01
4896.88, 3.135000e+01
4900.89, 3.124000e+01
4904.89, 3.135000e+01
4908.89, 3.124000e+01
4912.89, 3.124000e+01
4916.89, 3.091000e+01
4920.89, 3.124000e+01
4924.90, 3.124000e+01
4928.92, 3.113000e+01
4932.91, 3.124000e+01
4936.92, 3.102000e+01
4940.93, 3.102000e+01
4944.92, 3.113000e+01
4948.94, 3.080000e+01
4952.92, 3.091000e+01
4956.95, 3.124000e+01
4960.94, 3.091000e+01
4964.94, 3.102000e+01
4968.94, 3.080000e+01
4972.95, 3.080000e+01
4976.94, 3.102000e+01
4980.97, 3.091000e+01
4984.97, 3.102000e+01
4988.96, 3.069000e+01
4992.97, 3.102000e+01
4996.97, 3.102000e+01
5000.97, 3.091000e+01
5004.97, 3.091000e+01
5008.99, 3.091000e+01
5012.98, 3.069000e+01
5017.00, 3.069000e+01
5021.00, 3.102000e+01
5024.99, 3.102000e+01
5029.00, 3.091000e+01
5032.99, 3.080000e+01
5037.02, 3.080000e+01
5041.02, 3.102000e+01
5045.03, 3.091000e+01
5049.02, 3.080000e+01
5053.03, 3.080000e+01
5057.03, 3.080000e+01
5061.04, 3.069000e+01
5065.03, 3.091000e+01
5069.03, 3.080000e+01
5073.04, 3.069000e+01
5077.05, 3.047000e+01
5081.05, 3.047000e+01
5085.05, 3.080000e+01
5089.06, 3.069000e+01
5093.06, 3.080000e+01
5097.08, 3.036000e+01
5101.07, 3.080000e+01
5105.07, 3.080000e+01
5109.08, 3.058000e+01
5113.09, 3.058000e+01
5117.09, 3.058000e+01
5121.10, 3.058000e+01
5125.09, 3.058000e+01
5129.09, 3.069000e+01
5133.10, 3.036000e+01
5137.10, 3.058000e+01
5141.10, 3.036000e+01
5145.12, 3.069000e+01
5149.11, 3.058000e+01
5153.10, 3.047000e+01
5157.12, 3.047000e+01
5161.12, 3.047000e+01
5165.13, 3.036000e+01
5169.14, 3.058000e+01
5173.15, 3.036000e+01
5177.15, 3.047000e+01
5181.15, 3.014000e+01
5185.15, 3.058000e+01
5189.15, 3.025000e+01
5193.16, 3.036000e+01
5197.16, 3.047000e+01
5201.17, 3.047000e+01
5205.17, 3.025000e+01
5209.17, 3.058000e+01
5213.17, 3.014000e+01
5217.16, 3.047000e+01
5221.17, 3.047000e+01
5225.18, 3.014000e+01
5229.19, 3.036000e+01
5233.19, 3.036000e+01
5237.19, 3.047000e+01
5241.19, 3.047000e+01
5245.19, 3.036000e+01
5249.20, 3.047000e+01
5253.21, 3.003000e+01
5257.21, 3.047000e+01
5261.21, 3.036000e+01
5265.21, 3.014000e+01
5269.21, 3.036000e+01
5273.22, 3.025000e+01
5277.23, 2.992000e+01
5281.23, 3.014000e+01
5285.24, 3.014000e+01
5289.23, 3.014000e+01
5293.26, 2.992000e+01
5297.26, 3.003000e+01
5301.24, 3.014000e+01
5305.25, 3.025000e+01
5309.25, 3.014000e+01
5313.25, 3.025000e+01
5317.27, 3.003000e+01
5321.26, 3.003000e+01
5325.27, 3.003000e+01
5329.28, 3.036000e+01
5333.28, 2.981000e+01
5337.28, 3.003000e+01
5341.29, 3.003000e+01
5345.29, 3.014000e+01
5349.30, 3.003000e+01
5353.31, 2.992000e+01
5357.30, 3.003000e+01
5361.31, 2.981000e+01
5365.31, 3.003000e+01
5369.31, 3.014000e+01
5373.32, 2.992000e+01
5377.32, 3.003000e+01
5381.31, 3.003000e+01
5385.34, 3.003000e+01
5389.33, 3.003000e+01
5393.34, 3.003000e+01
5397.34, 3.003000e+01
5401.34, 3.003000e+01
5405.36, 3.003000e+01
5409.35, 2.992000e+01
5413.34, 2.959000e+01
5417.35, 3.003000e+01
5421.38, 2.959000e+01
5425.37, 2.981000e+01
5429.36, 2.970000e+01
5433.37, 2.959000e+01
5437.38, 2.992000e+01
5441.39, 2.981000e+01
5445.39, 2.992000e+01
5449.39, 2.992000e+01
5453.40, 2.959000e+01
5457.39, 2.981000e+01
5461.40, 2.959000e+01
5465.40, 2.992000e+01
5469.41, 2.948000e+01
5473.41, 2.981000e+01
5477.43, 2.981000e+01
5481.41, 2.970000e+01
5485.43, 2.981000e+01
5489.41, 2.970000e+01
5493.43, 2.981000e+01
5497.43, 2.970000e+01
5501.43, 2.981000e+01
5505.44, 2.970000e+01
5509.44, 2.948000e+01
5513.44, 2.981000e+01
5517.46, 2.981000e+01
5521.45, 2.970000e+01
5525.46, 2.959000e+01
5529.46, 2.970000e+01
5533.47, 2.970000e+01
5537.46, 2.970000e+01
5541.46, 2.959000e+01
5545.48, 2.937000e+01
5549.49, 2.970000e+01
5553.47, 2.970000e+01
5557.48, 2.981000e+01
5561.49, 2.970000e+01
5565.50, 2.959000e+01
5569.50, 2.948000e+01
5573.49, 2.959000e+01
5577.51, 2.937000e+01
5581.52, 2.937000e+01
5585.51, 2.959000e+01
5589.51, 2.948000e+01
5593.52, 2.959000e+01
5597.52, 2.959000e+01
5601.52, 2.959000e+01
5605.52, 2.959000e+01
5609.52, 2.959000e+01
5613.54, 2.926000e+01
5617.53, 2.948000e+01
5621.53, 2.937000e+01
5625.54, 2.948000e+01
5629.54, 2.948000e+01
5633.55, 2.937000e+01
5637.57, 2.937000e+01
5641.57, 2.937000e+01
5645.56, 2.948000e+01
5649.57, 2.915000e+01
5653.57, 2.948000e+01
5657.58, 2.915000e+01
5661.58, 2.926000e+01
5665.58, 2.937000e+01
5669.59, 2.926000e+01
5673.59, 2.948000e+01
5677.60, 2.915000e+01
5681.59, 2.948000e+01
5685.61, 2.937000e+01
5689.61, 2.937000e+01
5693.60, 2.926000e+01
5697.60, 2.937000e+01
5701.63, 2.926000e+01
5705.62, 2.915000e+01
5709.63, 2.926000e+01
5713.63, 2.915000e+01
5717.64, 2.926000e+01
5721.63, 2.894000e+01
5725.64, 2.915000e+01
5729.64, 2.926000e+01
5733.64, 2.926000e+01
5737.65, 2.915000e+01
5741.65, 2.926000e+01
5745.65, 2.915000e+01
5749.67, 2.915000e+01
5753.68, 2.915000e+01
5757.66, 2.904000e+01
5761.66, 2.915000e+01
5765.68, 2.926000e+01
5769.67, 2.894000e+01
5773.68, 2.904000e+01
5777.69, 2.894000e+01
5781.69, 2.904000e+01
5785.69, 2.883000e+01
5789.70, 2.915000e+01
5793.71, 2.872000e+01
5797.70, 2.883000e+01
5801.71, 2.915000e+01
5805.71, 2.894000e+01
5809.71, 2.904000e+01
5813.72, 2.894000e+01
5817.73, 2.894000e+01
5821.74, 2.872000e+01
5825.74, 2.915000e+01
5829.74, 2.904000e+01
5833.74, 2.904000e+01
5837.75, 2.894000e+01
5841.75, 2.872000e+01
5845.75, 2.894000e+01
5849.75, 2.894000e+01
5853.76, 2.904000e+01
5857.76, 2.872000e+01
5861.76, 2.904000e+01
5865.76, 2.894000e+01
5869.77, 2.904000e+01
5873.77, 2.872000e+01
5877.78, 2.883000e+01
5881.77, 2.904000e+01
5885.78, 2.872000e+01
5889.80, 2.894000e+01
5893.80, 2.872000e+01
5897.79, 2.861000e+01
5901.80, 2.894000e+01
5905.82, 2.861000e+01
5909.80, 2.850000e+01
5913.81, 2.883000e+01
5917.81, 2.904000e+01
5921.83, 2.883000e+01
5925.82, 2.894000e+01
5929.83, 2.861000e+01
5933.83, 2.861000e+01
5937.85, 2.883000e+01
5941.84, 2.883000e+01
5945.84, 2.883000e+01
5949.83, 2.872000e+01
5953.84, 2.861000e+01
5957.85, 2.861000e+01
5961.87, 2.883000e+01
5965.87, 2.883000e+01
5969.86, 2.872000e+01
5973.87, 2.883000e+01
5977.87, 2.861000e+01
5981.88, 2.861000e+01
5985.88, 2.883000e+01
5989.89, 2.850000e+01
5993.88, 2.861000e+01
5997.89, 2.839000e+01
6001.88, 2.861000e+01
6005.90, 2.828000e+01
6009.90, 2.850000e+01
6013.90, 2.872000e+01
6017.91, 2.850000e+01
6021.90, 2.872000e+01
6025.93, 2.872000e+01
6029.92, 2.861000e+01
6033.93, 2.828000e+01
6037.93, 2.850000e+01
6041.92, 2.861000e+01
6045.93, 2.850000e+01
6049.94, 2.861000e+01
6053.93, 2.861000e+01
6057.95, 2.861000e+01
6061.94, 2.872000e+01
6065.96, 2.850000e+01
6069.96, 2.850000e+01
6073.96, 2.828000e+01
6077.97, 2.861000e+01
6081.96, 2.828000e+01
6085.97, 2.850000e+01
6089.96, 2.861000e+01
6093.98, 2.828000e+01
6097.97, 2.850000e+01
6101.97, 2.828000e+01
6105.98, 2.850000e+01
6109.99, 2.818000e+01
6114.00, 2.828000e+01
6117.99, 2.818000e+01
6122.00, 2.839000e+01
6126.00, 2.850000e+01
6130.02, 2.850000e+01
6134.02, 2.850000e+01
6138.01, 2.839000e+01
6142.01, 2.839000e+01
6146.02, 2.850000e+01
6150.02, 2.818000e+01
6154.04, 2.807000e+01
6158.03, 2.818000e+01
6162.02, 2.839000e+01
6166.04, 2.828000e+01
6170.05, 2.850000e+01
6174.05, 2.839000e+01
6178.06, 2.839000e+01
6182.07, 2.807000e+01
6186.07, 2.828000e+01
6190.07, 2.818000e+01
6194.07, 2.828000e+01
6198.07, 2.828000e+01
6202.08, 2.828000e+01
6206.09, 2.839000e+01
6210.08, 2.796000e+01
6214.08, 2.828000e+01
6218.08, 2.818000e+01
6222.08, 2.807000e+01
6226.10, 2.807000e+01
6230.10, 2.839000e+01
6234.10, 2.818000e+01
6238.11, 2.828000e+01
6242.11, 2.828000e+01
6246.12, 2.818000e+01
6250.11, 2.828000e+01
6254.13, 2.796000e+01
6258.12, 2.818000e+01
6262.13, 2.796000e+01
6266.14, 2.807000e+01
6270.13, 2.785000e+01
6274.14, 2.818000e+01
6278.14, 2.818000e+01
6282.16, 2.828000e+01
6286.15, 2.807000e+01
6290.15, 2.818000e+01
6294.16, 2.818000e+01
6298.16, 2.818000e+01
6302.16, 2.818000e+01
6306.18, 2.807000e+01
6310.17, 2.828000e+01
6314.17, 2.818000e+01
6318.18, 2.818000e+01
6322.19, 2.828000e+01
6326.18, 2.818000e+01
6330.20, 2.807000e+01
6334.19, 2.818000e+01
6338.20, 2.796000e+01
6342.20, 2.796000e+01
6346.20, 2.807000e+01
6350.20, 2.807000e+01
6354.22, 2.774000e+01
6358.21, 2.764000e+01
6362.22, 2.774000e+01
6366.21, 2.774000e+01
6370.22, 2.774000e+01
6374.23, 2.796000e+01
6378.22, 2.796000e+01
6382.24, 2.785000e+01
6386.24, 2.807000e+01
6390.25, 2.764000e+01
6394.26, 2.764000e+01
6398.25, 2.807000e+01
6402.25, 2.785000e+01
6406.26, 2.785000e+01
6410.27, 2.796000e+01
6414.26, 2.796000e+01
6418.27, 2.796000e+01
6422.28, 2.774000e+01
6426.28, 2.796000e+01
6430.28, 2.807000e+01
6434.27, 2.785000e+01
6438.28, 2.764000e+01
6442.29, 2.774000e+01
6446.28, 2.796000e+01
6450.29, 2.774000e+01
6454.30, 2.785000e+01
6458.31, 2.764000e+01
6462.30, 2.796000e+01
6466.31, 2.774000e+01
6470.31, 2.785000e+01
6474.32, 2.753000e+01
6478.32, 2.785000e+01
6482.34, 2.764000e+01
6486.34, 2.785000e+01
6490.33, 2.753000e+01
6494.34, 2.785000e+01
6498.34, 2.785000e+01
6502.34, 2.785000e+01
6506.34, 2.742000e+01
6510.36, 2.774000e+01
6514.35, 2.785000e+01
6518.36, 2.774000e+01
6522.35, 2.764000e+01
6526.38, 2.742000e+01
6530.36, 2.742000e+01
6534.38, 2.764000e+01
6538.37, 2.785000e+01
6542.39, 2.764000e+01
6546.40, 2.764000e+01
6550.39, 2.785000e+01
6554.39, 2.764000e+01
6558.40, 2.774000e+01
6562.39, 2.774000e+01
6566.40, 2.774000e+01
6570.40, 2.774000e+01
6574.42, 2.753000e+01
6578.43, 2.764000e+01
6582.42, 2.764000e+01
6586.41, 2.774000e+01
6590.43, 2.753000e+01
6594.42, 2.764000e+01
6598.44, 2.731000e+01
6602.43, 2.753000e+01
6606.44, 2.753000e+01
6610.45, 2.764000e+01
6614.45, 2.731000e+01
6618.46, 2.764000e+01
6622.45, 2.742000e+01
6626.46, 2.742000e+01
6630.46, 2.753000e+01
6634.47, 2.731000e+01
6638.47, 2.764000e+01
6642.47, 2.731000e+01
6646.47, 2.742000e+01
6650.48, 2.721000e+01
6654.49, 2.721000e+01
6658.49, 2.721000e+01
6662.49, 2.753000e+01
6666.50, 2.753000e+01
6670.51, 2.742000e+01
6674.50, 2.742000e+01
6678.51, 2.731000e+01
6682.52, 2.742000e+01
6686.51, 2.753000e+01
6690.53, 2.753000e+01
6694.53, 2.753000e+01
6698.52, 2.731000e+01
6702.52, 2.731000e+01
6706.54, 2.731000e+01
6710.54, 2.742000e+01
6714.54, 2.742000e+01
6718.54, 2.721000e+01
6722.55, 2.753000e+01
6726.55, 2.721000e+01
6730.55, 2.742000e+01
6734.55, 2.753000e+01
6738.56, 2.731000e+01
6742.55, 2.731000e+01
6746.57, 2.721000e+01
6750.58, 2.710000e+01
6754.57, 2.721000e+01
6758.59, 2.710000e+01
6762.59, 2.731000e+01
6766.60, 2.731000e+01
6770.59, 2.721000e+01
6774.60, 2.742000e+01
6778.59, 2.699000e+01
6782.59, 2.731000e+01
6786.61, 2.742000e+01
6790.60, 2.731000e+01
6794.62, 2.731000e+01
6798.62, 2.731000e+01
6802.62, 2.721000e+01
6806.63, 2.731000e+01
6810.62, 2.710000e+01
6814.63, 2.699000e+01
6818.64, 2.742000e+01
6822.64, 2.742000e+01
6826.64, 2.699000e+01
6830.66, 2.699000e+01
6834.66, 2.710000e+01
6838.66, 2.699000e+01
6842.65, 2.721000e+01
6846.65, 2.721000e+01
6850.67, 2.731000e+01
6854.66, 2.731000e+01
6858.67, 2.710000e+01
6862.68, 2.721000e+01
6866.69, 2.721000e+01
6870.68, 2.699000e+01
6874.69, 2.721000e+01
6878.70, 2.731000e+01
6882.69, 2.731000e+01
6886.70, 2.731000e+01
6890.69, 2.710000e+01
6894.70, 2.731000e+01
6898.70, 2.699000e+01
6902.70, 2.721000e+01
6906.71, 2.721000e+01
6910.71, 2.688000e+01
6914.72, 2.699000e+01
6918.72, 2.710000e+01
6922.74, 2.699000e+01
6926.73, 2.721000e+01
6930.75, 2.699000e+01
6934.74, 2.688000e+01
6938.75, 2.678000e+01
6942.75, 2.688000e+01
6946.74, 2.721000e+01
6950.75, 2.710000e+01
6954.76, 2.710000e+01
6958.75, 2.688000e+01
6962.77, 2.667000e+01
6966.78, 2.678000e+01
6970.76, 2.699000e+01
6974.79, 2.710000e+01
6978.78, 2.688000e+01
6982.79, 2.667000e+01
6986.78, 2.699000e+01
6990.79, 2.710000e+01
6994.80, 2.710000e+01
6998.80, 2.678000e+01
7002.81, 2.710000e+01
7006.82, 2.699000e+01
7010.81, 2.710000e+01
7014.82, 2.688000e+01
7018.83, 2.688000e+01
7022.83, 2.699000e+01
7026.83, 2.678000e+01
7030.82, 2.699000e+01
7034.83, 2.667000e+01
7038.84, 2.678000e+01
7042.84, 2.678000e+01
7046.85, 2.688000e+01
7050.86, 2.678000e+01
7054.84, 2.699000e+01
7058.85, 2.688000e+01
7062.86, 2.678000e+01
7066.85, 2.667000e+01
7070.87, 2.699000e+01
7074.87, 2.699000e+01
7078.88, 2.688000e+01
7082.89, 2.678000e+01
7086.87, 2.678000e+01
7090.88, 2.688000e+01
7094.88, 2.667000e+01
7098.89, 2.678000e+01
7102.89, 2.688000e+01
7106.89, 2.678000e+01
7110.91, 2.699000e+01
7114.90, 2.667000e+01
7118.92, 2.678000e+01
7122.92, 2.645000e+01
7126.93, 2.678000e+01
7130.91, 2.678000e+01
7134.92, 2.688000e+01
7138.92, 2.688000e+01
7142.93, 2.688000e+01
7146.93, 2.656000e+01
7150.93, 2.688000e+01
7154.95, 2.678000e+01
7158.95, 2.678000e+01
7162.94, 2.688000e+01
7166.95, 2.645000e+01
7170.95, 2.667000e+01
7174.95, 2.645000e+01
7178.97, 2.688000e+01
7182.96, 2.678000e+01
7186.97, 2.656000e+01
7190.97, 2.678000e+01
7194.98, 2.678000e+01
7198.98, 2.678000e+01
7202.98, 2.667000e+01
7206.99, 2.645000e+01
7210.99, 2.667000e+01
7215.00, 2.678000e+01
7219.00, 2.667000e+01
7222.99, 2.667000e+01
7227.00, 2.678000e+01
7231.01, 2.667000e+01
7235.01, 2.667000e+01
7239.03, 2.645000e+01
7243.02, 2.667000e+01
7247.02, 2.645000e+01
7251.04, 2.667000e+01
7255.04, 2.667000e+01
7259.03, 2.656000e+01
7263.05, 2.624000e+01
7267.05, 2.678000e+01
7271.04, 2.635000e+01
7275.05, 2.667000e+01
7279.04, 2.645000e+01
7283.05, 2.624000e+01
7287.07, 2.656000e+01
7291.06, 2.667000e+01
7295.05, 2.656000e+01
7299.08, 2.667000e+01
7303.08, 2.624000e+01
7307.09, 2.667000e+01
7311.08, 2.667000e+01
7315.09, 2.645000e+01
7319.09, 2.656000e+01
7323.10, 2.667000e+01
7327.10, 2.656000e+01
7331.11, 2.667000e+01
7335.11, 2.656000e+01
7339.11, 2.656000e+01
7343.10, 2.656000e+01
7347.12, 2.624000e+01
7351.13, 2.656000e+01
7355.12, 2.656000e+01
7359.13, 2.645000e+01
7363.12, 2.645000e+01
7367.13, 2.635000e+01
7371.14, 2.656000e+01
7375.15, 2.645000e+01
7379.14, 2.635000e+01
7383.14, 2.645000e+01
7387.14, 2.656000e+01
7391.16, 2.645000e+01
7395.17, 2.645000e+01
7399.16, 2.624000e+01
7403.17, 2.656000e+01
7407.18, 2.656000e+01
7411.18, 2.635000e+01
7415.18, 2.645000e+01
7419.17, 2.645000e+01
7423.20, 2.635000e+01
7427.19, 2.635000e+01
7431.20, 2.645000e+01
7435.20, 2.613000e+01
7439.21, 2.645000e+01
7443.20, 2.656000e+01
7447.21, 2.613000e+01
7451.20, 2.624000e+01
7455.21, 2.645000e+01
7459.22, 2.635000e+01
7463.22, 2.603000e+01
7467.23, 2.624000e+01
7471.22, 2.635000e+01
7475.23, 2.645000e+01
7479.22, 2.635000e+01
7483.25, 2.613000e+01
7487.24, 2.635000e+01
7491.25, 2.645000e+01
7495.24, 2.635000e+01
7499.25, 2.624000e+01
7503.26, 2.635000e+01
7507.27, 2.613000e+01
7511.26, 2.635000e+01
7515.27, 2.613000e+01
7519.28, 2.645000e+01
7523.28, 2.613000e+01
7527.27, 2.635000e+01
7531.28, 2.624000e+01
7535.29, 2.635000e+01
7539.30, 2.624000e+01
7543.30, 2.624000e+01
7547.29, 2.645000e+01
7551.29, 2.624000e+01
7555.30, 2.603000e+01
7559.30, 2.624000e+01
7563.30, 2.635000e+01
7567.32, 2.624000e+01
7571.32, 2.603000e+01
7575.31, 2.592000e+01
7579.32, 2.635000e+01
7583.33, 2.624000e+01
7587.33, 2.624000e+01
7591.33, 2.635000e+01
7595.34, 2.624000e+01
7599.34, 2.592000e+01
7603.35, 2.592000e+01
7607.35, 2.592000e+01
7611.35, 2.624000e+01
7615.36, 2.624000e+01
7619.37, 2.603000e+01
7623.37, 2.613000e+01
7627.38, 2.592000e+01
7631.38, 2.581000e+01
7635.37, 2.624000e+01
7639.39, 2.635000e+01
7643.37, 2.613000e+01
7647.38, 2.603000e+01
7651.38, 2.592000e+01
7655.40, 2.613000e+01
7659.41, 2.624000e+01
7663.40, 2.635000e+01
7667.39, 2.613000e+01
7671.40, 2.592000e+01
7675.41, 2.603000e+01
7679.42, 2.613000e+01
7683.43, 2.592000e+01
7687.41, 2.603000e+01
7691.42, 2.613000e+01
7695.42, 2.624000e+01
7699.44, 2.624000e+01
7703.44, 2.613000e+01
7707.45, 2.592000e+01
7711.46, 2.613000e+01
7715.45, 2.581000e+01
7719.45, 2.624000e+01
7723.46, 2.613000e+01
7727.45, 2.571000e+01
7731.45, 2.613000e+01
7735.47, 2.581000e+01
7739.48, 2.613000e+01
7743.47, 2.603000e+01
7747.48, 2.571000e+01
7751.48, 2.613000e+01
7755.48, 2.581000e+01
7759.49, 2.603000e+01
7763.49, 2.603000e+01
7767.49, 2.613000e+01
7771.50, 2.581000e+01
7775.50, 2.624000e+01
7779.50, 2.581000e+01
7783.51, 2.592000e+01
7787.52, 2.603000e+01
7791.52, 2.581000e+01
7795.53, 2.613000e+01
7799.52, 2.571000e+01
7803.53, 2.592000e+01
7807.53, 2.571000e+01
7811.54, 2.581000e+01
7815.54, 2.603000e+01
7819.55, 2.571000e+01
7823.56, 2.613000e+01
7827.55, 2.581000e+01
7831.56, 2.581000e+01
7835.56, 2.581000e+01
7839.57, 2.592000e+01
7843.56, 2.592000e+01
7847.58, 2.592000e+01
7851.56, 2.581000e+01
7855.58, 2.603000e+01
7859.58, 2.603000e+01
7863.59, 2.581000e+01
7867.58, 2.581000e+01
7871.59, 2.581000e+01
7875.61, 2.560000e+01
7879.60, 2.592000e+01
7883.60, 2.603000e+01
7887.61, 2.603000e+01
7891.61, 2.571000e+01
7895.62, 2.571000e+01
7899.60, 2.581000e+01
7903.63, 2.581000e+01
7907.64, 2.571000e+01
7911.62, 2.571000e+01
7915.64, 2.581000e+01
7919.64, 2.581000e+01
7923.63, 2.581000e+01
7927.65, 2.592000e+01
7931.64, 2.592000e+01
7935.64, 2.571000e+01
7939.65, 2.571000e+01
7943.67, 2.581000e+01
7947.66, 2.592000e+01
7951.67, 2.571000e+01
7955.68, 2.592000e+01
7959.66, 2.581000e+01
7963.67, 2.571000e+01
7967.69, 2.571000e+01
7971.69, 2.592000e+01
7975.69, 2.549000e+01
7979.69, 2.560000e+01
7983.70, 2.581000e+01
7987.68, 2.560000e+01
7991.69, 2.549000e+01
7995.69, 2.560000e+01
7999.70, 2.549000e+01
8003.72, 2.571000e+01
8007.71, 2.581000e+01
8011.73, 2.592000e+01
8015.71, 2.571000e+01
8019.74, 2.549000e+01
8023.73, 2.581000e+01
8027.73, 2.581000e+01
8031.73, 2.581000e+01
8035.75, 2.581000e+01
8039.75, 2.571000e+01
8043.74, 2.560000e+01
8047.76, 2.549000e+01
8051.77, 2.571000e+01
8055.76, 2.560000e+01
8059.75, 2.560000e+01
8063.76, 2.581000e+01
8067.78, 2.571000e+01
8071.77, 2.571000e+01
8075.76, 2.560000e+01
8079.78, 2.539000e+01
8083.79, 2.560000e+01
8087.79, 2.571000e+01
8091.79, 2.571000e+01
8095.80, 2.571000e+01
8099.80, 2.571000e+01
8103.79, 2.571000e+01
8107.81, 2.549000e+01
8111.81, 2.560000e+01
8115.81, 2.571000e+01
8119.82, 2.549000e+01
8123.82, 2.539000e+01
8127.82, 2.571000e+01
8131.83, 2.539000e+01
8135.83, 2.560000e+01
8139.83, 2.539000e+01
8143.84, 2.528000e+01
8147.84, 2.571000e+01
8151.85, 2.571000e+01
8155.86, 2.560000e+01
8159.84, 2.581000e+01
8163.87, 2.560000e+01
8167.86, 2.560000e+01
8171.86, 2.571000e+01
8175.87, 2.560000e+01
8179.88, 2.549000e+01
8183.87, 2.571000e+01
8187.87, 2.560000e+01
8191.88, 2.560000e+01
8195.88, 2.560000e+01
8199.88, 2.571000e+01
8203.90, 2.539000e+01
8207.91, 2.560000e+01
8211.90, 2.549000e+01
8215.90, 2.549000e+01
8219.89, 2.539000e+01
8223.92, 2.549000e+01
8227.92, 2.539000e+01
8231.93, 2.549000e+01
8235.93, 2.539000e+01
8239.92, 2.528000e+01
8243.92, 2.549000e+01
8247.93, 2.571000e+01
8251.95, 2.539000e+01
8255.93, 2.539000e+01
8259.94, 2.539000e+01
8263.95, 2.539000e+01
8267.96, 2.549000e+01
8271.96, 2.539000e+01
8275.95, 2.549000e+01
8279.96, 2.528000e+01
8283.97, 2.549000e+01
8287.97, 2.539000e+01
8291.98, 2.528000e+01
8295.97, 2.560000e+01
8299.98, 2.539000e+01
8303.98, 2.549000e+01
8307.99, 2.528000e+01
8311.99, 2.517000e+01
8315.99, 2.528000e+01
8320.00, 2.560000e+01
8324.01, 2.549000e+01
8328.00, 2.539000e+01
8332.01, 2.560000e+01
8336.00, 2.549000e+01
8340.03, 2.539000e+01
8344.02, 2.517000e+01
8348.01, 2.528000e+01
8352.02, 2.539000e+01
8356.02, 2.539000e+01
8360.03, 2.549000e+01
8364.05, 2.549000e+01
8368.04, 2.528000e+01
8372.05, 2.507000e+01
8376.05, 2.517000e+01
8380.06, 2.539000e+01
8384.06, 2.507000e+01
8388.05, 2.496000e+01
8392.06, 2.528000e+01
8396.06, 2.539000e+01
8400.07, 2.507000e+01
8404.07, 2.539000e+01
8408.08, 2.528000e+01
8412.08, 2.528000e+01
8416.08, 2.517000e+01
8420.09, 2.507000e+01
8424.09, 2.539000e+01
8428.09, 2.539000e+01
8432.10, 2.507000e+01
8436.10, 2.528000e+01
8440.11, 2.496000e+01
8444.11, 2.528000e+01
8448.11, 2.507000e+01
8452.12, 2.528000e+01
8456.13, 2.539000e+01
8460.12, 2.539000e+01
8464.12, 2.539000e+01
8468.14, 2.528000e+01
8472.14, 2.539000e+01
8476.15, 2.507000e+01
8480.14, 2.528000e+01
8484.15, 2.507000e+01
8488.14, 2.539000e+01
8492.15, 2.507000e+01
8496.16, 2.507000e+01
8500.16, 2.496000e+01
8504.17, 2.528000e+01
8508.16, 2.507000e+01
8512.17, 2.517000e+01
8516.18, 2.539000e+01
8520.18, 2.507000e+01
8524.18, 2.507000e+01
8528.19, 2.507000e+01
8532.19, 2.496000e+01
8536.20, 2.507000e+01
8540.19, 2.528000e+01
8544.20, 2.528000e+01
8548.21, 2.496000e+01
8552.20, 2.528000e+01
8556.21, 2.528000e+01
8560.21, 2.528000e+01
8564.22, 2.507000e+01
8568.23, 2.528000e+01
8572.22, 2.517000e+01
8576.24, 2.507000e+01
8580.25, 2.496000e+01
8584.23, 2.517000e+01
8588.24, 2.517000e+01
8592.24, 2.528000e+01
8596.24, 2.517000e+01
8600.24, 2.517000e+01
8604.25, 2.528000e+01
8608.25, 2.528000e+01
8612.27, 2.496000e+01
8616.26, 2.507000e+01
8620.27, 2.496000e+01
8624.27, 2.507000e+01
8628.28, 2.517000e+01
8632.28, 2.517000e+01
8636.28, 2.517000e+01
8640.29, 2.507000e+01
8644.29, 2.485000e+01
8648.30, 2.507000e+01
8652.31, 2.496000e+01
8656.31, 2.496000e+01
8660.30, 2.517000e+01
8664.30, 2.496000e+01
8668.30, 2.517000e+01
8672.33, 2.517000e+01
8676.32, 2.507000e+01
8680.31, 2.517000e+01
8684.34, 2.517000e+01
8688.33, 2.475000e+01
8692.33, 2.475000e+01
8696.33, 2.485000e+01
8700.33, 2.475000e+01
8704.35, 2.496000e+01
8708.34, 2.507000e+01
8712.36, 2.507000e+01
8716.35, 2.475000e+01
8720.36, 2.485000e+01
8724.37, 2.507000e+01
8728.38, 2.496000e+01
8732.37, 2.507000e+01
8736.38, 2.496000e+01
8740.37, 2.517000e+01
8744.38, 2.464000e+01
8748.39, 2.485000e+01
8752.38, 2.517000e+01
8756.39, 2.507000e+01
8760.38, 2.496000e+01
8764.40, 2.475000e+01
8768.40, 2.475000e+01
8772.40, 2.507000e+01
8776.41, 2.485000e+01
8780.41, 2.507000e+01
8784.40, 2.496000e+01
8788.42, 2.485000e+01
8792.43, 2.496000e+01
8796.42, 2.507000e+01
8800.42, 2.475000e+01
8804.44, 2.507000e+01
8808.45, 2.507000e+01
8812.43, 2.507000e+01
8816.45, 2.485000e+01
8820.45, 2.496000e+01
8824.45, 2.496000e+01
8828.46, 2.475000e+01
8832.45, 2.507000e+01
8836.46, 2.496000e+01
8840.47, 2.475000e+01
8844.47, 2.485000e+01
8848.49, 2.496000e+01
8852.49, 2.496000e+01
8856.48, 2.485000e+01
8860.48, 2.475000e+01
8864.50, 2.496000e+01
8868.48, 2.507000e+01
8872.51, 2.485000e+01
8876.50, 2.475000e+01
8880.50, 2.475000e+01
8884.51, 2.496000e+01
8888.52, 2.496000e+01
8892.51, 2.485000e+01
8896.53, 2.496000e+01
8900.52, 2.485000e+01
8904.54, 2.475000e+01
8908.54, 2.453000e+01
8912.54, 2.475000e+01
8916.54, 2.496000e+01
8920.53, 2.475000e+01
8924.54, 2.475000e+01
8928.54, 2.464000e+01
8932.54, 2.464000e+01
8936.56, 2.475000e+01
8940.55, 2.475000e+01
8944.55, 2.475000e+01
8948.58, 2.453000e+01
8952.57, 2.496000e+01
8956.57, 2.496000e+01
8960.57, 2.453000e+01
8964.59, 2.496000e+01
8968.59, 2.475000e+01
8972.59, 2.475000e+01
8976.60, 2.475000e+01
8980.60, 2.485000e+01
8984.61, 2.475000e+01
8988.60, 2.496000e+01
8992.62, 2.475000e+01
8996.62, 2.475000e+01
9000.61, 2.485000e+01
9004.62, 2.496000e+01
9008.61, 2.485000e+01
9012.63, 2.485000e+01
9016.62, 2.485000e+01
9020.64, 2.485000e+01
9024.62, 2.475000e+01
9028.64, 2.475000e+01
9032.65, 2.485000e+01
9036.64, 2.464000e+01
9040.66, 2.475000e+01
9044.66, 2.485000e+01
9048.66, 2.453000e+01
9052.65, 2.485000e+01
9056.68, 2.485000e+01
9060.67, 2.485000e+01
9064.67, 2.453000e+01
9068.68, 2.485000e+01
9072.67, 2.475000e+01
9076.68, 2.464000e+01
9080.67, 2.475000e+01
9084.69, 2.485000e+01
9088.69, 2.475000e+01
9092.70, 2.485000e+01
9096.70, 2.475000e+01
9100.71, 2.453000e+01
9104.71, 2.453000e+01
9108.72, 2.464000e+01
9112.72, 2.453000e+01
9116.71, 2.464000e+01
9120.73, 2.475000e+01
9124.73, 2.475000e+01
9128.73, 2.443000e+01
9132.74, 2.443000e+01
9136.74, 2.443000e+01
9140.73, 2.464000e+01
9144.74, 2.464000e+01
9148.76, 2.475000e+01
9152.75, 2.485000e+01
9156.75, 2.464000e+01
9160.76, 2.453000e+01
9164.77, 2.453000e+01
9168.78, 2.475000e+01
9172.77, 2.443000e+01
9176.78, 2.464000e+01
9180.77, 2.475000e+01
9184.77, 2.475000e+01
9188.78, 2.475000e+01
9192.78, 2.475000e+01
9196.79, 2.453000e+01
9200.80, 2.443000e+01
9204.80, 2.453000e+01
9208.79, 2.464000e+01
9212.81, 2.464000e+01
9216.81, 2.443000e+01
9220.80, 2.453000e+01
9224.82, 2.464000e+01
9228.82, 2.475000e+01
9232.81, 2.464000e+01
9236.83, 2.475000e+01
9240.82, 2.443000e+01
9244.82, 2.443000e+01
9248.84, 2.432000e+01
9252.83, 2.485000e+01
9256.85, 2.453000e+01
9260.86, 2.453000e+01
9264.85, 2.453000e+01
9268.87, 2.475000e+01
9272.86, 2.475000e+01
9276.85, 2.453000e+01
9280.87, 2.453000e+01
9284.86, 2.443000e+01
9288.87, 2.453000e+01
9292.88, 2.443000e+01
9296.87, 2.453000e+01
9300.88, 2.475000e+01
9304.89, 2.443000e+01
9308.89, 2.464000e+01
9312.89, 2.464000e+01
9316.91, 2.432000e+01
9320.90, 2.443000e+01
9324.90, 2.475000e+01
9328.92, 2.453000e+01
9332.91, 2.464000e+01
9336.91, 2.443000e+01
9340.93, 2.453000e+01
9344.92, 2.453000e+01
9348.92, 2.453000e+01
9352.93, 2.453000e+01
9356.93, 2.464000e+01
9360.94, 2.422000e+01
9364.95, 2.422000e+01
9368.96, 2.475000e+01
9372.95, 2.464000e+01
9376.94, 2.443000e+01
9380.94, 2.464000e+01
9384.97, 2.443000e+01
9388.97, 2.464000e+01
9392.97, 2.422000e+01
9396.98, 2.443000e+01
9400.98, 2.464000e+01
9404.98, 2.422000e+01
9408.97, 2.432000e+01
9413.00, 2.464000e+01
9416.99, 2.464000e+01
9421.00, 2.453000e+01
9424.99, 2.422000e+01
9428.99, 2.443000e+01
9432.99, 2.453000e+01
9437.01, 2.443000e+01
9441.00, 2.432000e+01
9445.02, 2.443000e+01
9449.03, 2.432000e+01
9453.01, 2.443000e+01
9457.02, 2.453000e+01
9461.03, 2.432000e+01
9465.03, 2.432000e+01
9469.04, 2.443000e+01
9473.04, 2.443000e+01
9477.04, 2.453000e+01
9481.04, 2.443000e+01
9485.06, 2.453000e+01
9489.05, 2.443000e+01
9493.06, 2.432000e+01
9497.06, 2.422000e+01
9501.08, 2.432000e+01
9505.07, 2.432000e+01
9509.08, 2.453000e+01
9513.08, 2.443000e+01
9517.09, 2.432000e+01
9521.08, 2.443000e+01
9525.09, 2.464000e+01
9529.10, 2.453000e+01
9533.09, 2.411000e+01
9537.10, 2.422000e+01
9541.10, 2.453000e+01
9545.11, 2.422000e+01
9549.10, 2.443000e+01
9553.12, 2.443000e+01
9557.13, 2.432000e+01
9561.11, 2.422000e+01
9565.12, 2.411000e+01
9569.13, 2.443000e+01
9573.13, 2.453000e+01
9577.14, 2.443000e+01
9581.15, 2.453000e+01
9585.14, 2.432000e+01
9589.16, 2.443000e+01
9593.15, 2.411000e+01
9597.15, 2.432000e+01
9601.15, 2.432000e+01
9605.17, 2.453000e+01
9609.15, 2.422000e+01
9613.18, 2.411000e+01
9617.17, 2.411000e+01
9621.18, 2.422000e+01
9625.18, 2.443000e+01
9629.19, 2.411000e+01
9633.19, 2.422000e+01
9637.19, 2.443000e+01
9641.19, 2.432000e+01
9645.20, 2.443000e+01
9649.21, 2.443000e+01
9653.19, 2.432000e+01
9657.21, 2.432000e+01
9661.22, 2.453000e+01
9665.20, 2.411000e+01
9669.21, 2.411000e+01
9673.23, 2.411000e+01
9677.23, 2.453000e+01
9681.23, 2.411000e+01
9685.22, 2.411000e+01
9689.25, 2.411000e+01
9693.24, 2.422000e+01
9697.23, 2.411000e+01
9701.24, 2.443000e+01
9705.25, 2.411000e+01
9709.25, 2.443000e+01
9713.26, 2.443000e+01
9717.26, 2.443000e+01
9721.27, 2.432000e+01
9725.26, 2.443000e+01
9729.28, 2.422000e+01
9733.29, 2.422000e+01
9737.27, 2.422000e+01
9741.28, 2.443000e+01
9745.27, 2.432000e+01
9749.28, 2.432000e+01
9753.29, 2.411000e+01
9757.30, 2.422000e+01
9761.30, 2.411000e+01
9765.30, 2.432000e+01
9769.30, 2.432000e+01
9773.31, 2.432000e+01
9777.32, 2.432000e+01
9781.32, 2.432000e+01
9785.31, 2.432000e+01
9789.33, 2.422000e+01
9793.32, 2.422000e+01
9797.34, 2.432000e+01
9801.33, 2.432000e+01
9805.34, 2.432000e+01
9809.35, 2.422000e+01
9813.35, 2.432000e+01
9817.35, 2.411000e+01
9821.35, 2.411000e+01
9825.36, 2.390000e+01
9829.36, 2.432000e+01
9833.37, 2.432000e+01
9837.38, 2.411000e+01
9841.36, 2.390000e+01
9845.38, 2.390000e+01
9849.37, 2.390000e+01
9853.38, 2.432000e+01
9857.40, 2.411000e+01
9861.39, 2.422000e+01
9865.41, 2.432000e+01
9869.39, 2.422000e+01
9873.41, 2.422000e+01
9877.41, 2.422000e+01
9881.42, 2.390000e+01
9885.41, 2.422000e+01
9889.40, 2.432000e+01
9893.43, 2.422000e+01
9897.43, 2.422000e+01
9901.42, 2.422000e+01
9905.43, 2.432000e+01
9909.44, 2.422000e+01
9913.43, 2.422000e+01
9917.44, 2.422000e+01
9921.45, 2.411000e+01
9925.45, 2.422000e+01
9929.45, 2.422000e+01
9933.45, 2.422000e+01
9937.45, 2.422000e+01
9941.46, 2.379000e+01
9945.47, 2.422000e+01
9949.47, 2.390000e+01
9953.46, 2.390000e+01
9957.48, 2.390000e+01
9961.49, 2.422000e+01
9965.48, 2.422000e+01
9969.48, 2.390000e+01
9973.50, 2.390000e+01
9977.48, 2.390000e+01
9981.49, 2.379000e+01
9985.51, 2.390000e+01
9989.50, 2.422000e+01
9993.51, 2.422000e+01
9997.52, 2.411000e+01
10001.51, 2.411000e+01
10005.53, 2.422000e+01
10009.54, 2.390000e+01
10013.54, 2.422000e+01
10017.55, 2.422000e+01
10021.53, 2.411000e+01
10025.53, 2.422000e+01
10029.54, 2.422000e+01
10033.53, 2.422000e+01
10037.56, 2.390000e+01
10041.57, 2.432000e+01
10045.56, 2.432000e+01
10049.56, 2.390000e+01
10053.57, 2.422000e+01
10057.56, 2.422000e+01
10061.56, 2.411000e+01
10065.58, 2.411000e+01
10069.58, 2.390000e+01
10073.58, 2.411000e+01
10077.59, 2.390000e+01
10081.60, 2.422000e+01
10085.60, 2.390000e+01
10089.61, 2.379000e+01
10093.61, 2.379000e+01
10097.61, 2.411000e+01
10101.61, 2.411000e+01
10105.60, 2.411000e+01
10109.63, 2.422000e+01
10113.62, 2.411000e+01
10117.62, 2.411000e+01
10121.62, 2.411000e+01
10125.63, 2.411000e+01
10129.64, 2.411000e+01
10133.63, 2.411000e+01
10137.64, 2.411000e+01
10141.64, 2.390000e+01
10145.64, 2.411000e+01
10149.65, 2.411000e+01
10153.65, 2.379000e+01
10157.65, 2.390000e+01
10161.66, 2.390000e+01
10165.68, 2.379000e+01
10169.67, 2.379000e+01
10173.68, 2.379000e+01
10177.69, 2.379000e+01
10181.68, 2.390000e+01
10185.68, 2.369000e+01
10189.69, 2.369000e+01
10193.69, 2.369000e+01
10197.69, 2.411000e+01
10201.70, 2.411000e+01
10205.70, 2.390000e+01
10209.70, 2.379000e+01
10213.71, 2.369000e+01
10217.71, 2.369000e+01
10221.71, 2.369000e+01
10225.72, 2.390000e+01
10229.73, 2.390000e+01
10233.72, 2.358000e+01
10237.74, 2.411000e+01
10241.74, 2.379000e+01
10245.74, 2.369000e+01
10249.73, 2.369000e+01
10253.74, 2.390000e+01
10257.75, 2.358000e+01
10261.75, 2.358000e+01
10265.75, 2.390000e+01
10269.77, 2.379000e+01
10273.76, 2.390000e+01
10277.77, 2.358000e+01
10281.76, 2.358000e+01
10285.78, 2.390000e+01
10289.78, 2.390000e+01
10293.79, 2.390000e+01
10297.79, 2.390000e+01
10301.80, 2.390000e+01
10305.79, 2.379000e+01
10309.79, 2.390000e+01
10313.80, 2.369000e+01
10317.82, 2.379000e+01
10321.81, 2.390000e+01
10325.82, 2.369000e+01
10329.81, 2.390000e+01
10333.81, 2.390000e+01
10337.82, 2.390000e+01
10341.82, 2.369000e+01
10345.83, 2.390000e+01
10349.85, 2.390000e+01
10353.84, 2.379000e+01
10357.85, 2.369000e+01
10361.85, 2.369000e+01
10365.85, 2.369000e+01
10369.84, 2.390000e+01
10373.86, 2.379000e+01
10377.85, 2.390000e+01
10381.87, 2.390000e+01
10385.87, 2.369000e+01
10389.88, 2.369000e+01
10393.88, 2.379000e+01
10397.87, 2.390000e+01
10401.88, 2.358000e+01
10405.88, 2.379000e+01
10409.89, 2.390000e+01
10413.88, 2.369000e+01
10417.89, 2.358000e+01
10421.90, 2.390000e+01
10425.91, 2.390000e+01
10429.90, 2.379000e+01
10433.91, 2.390000e+01
10437.90, 2.379000e+01
10441.91, 2.379000e+01
10445.91, 2.390000e+01
10449.93, 2.379000e+01
10453.92, 2.369000e+01
10457.93, 2.390000e+01
10461.93, 2.390000e+01
10465.94, 2.390000e+01
10469.95, 2.369000e+01
10473.95, 2.379000e+01
10477.94, 2.379000e+01
10481.96, 2.390000e+01
10485.95, 2.379000e+01
10489.96, 2.369000e+01
10493.96, 2.390000e+01
10497.97, 2.369000e+01
10501.98, 2.390000e+01
10505.98, 2.369000e+01
10509.97, 2.379000e+01
10513.98, 2.390000e+01
10517.98, 2.390000e+01
10521.98, 2.379000e+01
10525.98, 2.390000e+01
10530.00, 2.390000e+01
10534.00, 2.358000e+01
10538.01, 2.379000e+01
10542.01, 2.379000e+01
10546.01, 2.348000e+01
10550.02, 2.379000e+01
10554.03, 2.390000e+01
10558.03, 2.348000e+01
10562.03, 2.390000e+01
10566.04, 2.390000e+01
10570.03, 2.379000e+01
10574.04, 2.348000e+01
10578.04, 2.390000e+01
10582.05, 2.348000e+01
10586.04, 2.358000e+01
10590.05, 2.369000e+01
10594.04, 2.379000e+01
10598.06, 2.358000e+01
10602.06, 2.390000e+01
10606.06, 2.379000e+01
10610.08, 2.369000e+01
10614.06, 2.348000e+01
10618.07, 2.358000e+01
10622.09, 2.369000e+01
10626.09, 2.369000e+01
10630.09, 2.358000e+01
10634.10, 2.379000e+01
10638.09, 2.379000e+01
10642.09, 2.379000e+01
10646.09, 2.369000e+01
10650.11, 2.390000e+01
10654.11, 2.369000e+01
10658.10, 2.379000e+01
10662.11, 2.369000e+01
10666.13, 2.379000e+01
10670.12, 2.379000e+01
10674.13, 2.379000e+01
10678.13, 2.358000e+01
10682.15, 2.379000e+01
10686.14, 2.369000e+01
10690.14, 2.369000e+01
10694.15, 2.358000e+01
10698.14, 2.369000e+01
10702.14, 2.369000e+01
10706.14, 2.379000e+01
10710.16, 2.358000e+01
10714.15, 2.369000e+01
10718.17, 2.379000e+01
10722.18, 2.369000e+01
10726.17, 2.348000e+01
10730.18, 2.379000e+01
10734.18, 2.348000e+01
10738.19, 2.369000e+01
10742.18, 2.379000e+01
10746.20, 2.369000e+01
10750.19, 2.369000e+01
10754.21, 2.379000e+01
10758.20, 2.358000e+01
10762.19, 2.348000e+01
10766.20, 2.379000e+01
10770.21, 2.358000e+01
10774.22, 2.337000e+01
10778.21, 2.369000e+01
10782.24, 2.358000e+01
10786.23, 2.348000e+01
10790.23, 2.358000e+01
10794.22, 2.348000e+01
10798.24, 2.379000e+01
10802.24, 2.369000e+01
10806.23, 2.358000e+01
