0.39, 5.916000e+01
4.39, 7.007000e+01
8.40, 7.690000e+01
12.40, 8.093000e+01
16.41, 8.418000e+01
20.42, 8.511000e+01
24.42, 8.639000e+01
28.42, 8.738000e+01
32.41, 8.805000e+01
36.42, 8.705000e+01
40.44, 8.839000e+01
44.43, 8.738000e+01
48.44, 8.771000e+01
52.43, 8.705000e+01
56.45, 8.805000e+01
60.46, 8.771000e+01
64.45, 8.805000e+01
68.45, 8.805000e+01
72.44, 8.672000e+01
76.47, 8.639000e+01
80.47, 8.574000e+01
84.47, 8.607000e+01
88.47, 8.574000e+01
92.48, 8.574000e+01
96.49, 8.511000e+01
100.48, 8.543000e+01
104.48, 8.511000e+01
108.50, 8.449000e+01
112.49, 8.511000e+01
116.50, 8.449000e+01
120.49, 8.449000e+01
124.52, 8.418000e+01
128.50, 8.387000e+01
132.52, 8.357000e+01
136.51, 8.357000e+01
140.53, 8.357000e+01
144.52, 8.327000e+01
148.53, 8.267000e+01
152.52, 8.267000e+01
156.52, 8.237000e+01
160.54, 8.208000e+01
164.54, 8.208000e+01
168.55, 8.237000e+01
172.56, 8.208000e+01
176.55, 8.122000e+01
180.56, 8.122000e+01
184.56, 8.179000e+01
188.55, 8.122000e+01
192.55, 8.065000e+01
196.57, 8.009000e+01
200.57, 8.037000e+01
204.57, 8.009000e+01
208.58, 8.009000e+01
212.58, 7.954000e+01
216.59, 8.037000e+01
220.59, 8.037000e+01
224.59, 7.982000e+01
228.60, 7.927000e+01
232.60, 7.954000e+01
236.59, 7.934000e+01
240.61, 7.894000e+01
244.61, 7.873000e+01
248.62, 7.846000e+01
252.62, 7.873000e+01
256.62, 7.846000e+01
260.62, 7.793000e+01
264.63, 7.793000e+01
268.62, 7.793000e+01
272.64, 7.793000e+01
276.65, 7.793000e+01
280.64, 7.741000e+01
284.64, 7.741000e+01
288.66, 7.715000e+01
292.66, 7.690000e+01
296.66, 7.690000e+01
300.67, 7.664000e+01
304.65, 7.639000e+01
308.67, 7.639000e+01
312.68, 7.613000e+01
316.68, 7.564000e+01
320.68, 7.564000e+01
324.69, 7.588000e+01
328.69, 7.564000e+01
332.69, 7.514000e+01
336.69, 7.539000e+01
340.69, 7.514000e+01
344.71, 7.490000e+01
348.71, 7.490000e+01
352.71, 7.490000e+01
356.71, 7.417000e+01
360.71, 7.441000e+01
364.72, 7.393000e+01
368.73, 7.417000e+01
372.73, 7.417000e+01
376.74, 7.417000e+01
380.73, 7.346000e+01
384.74, 7.323000e+01
388.74, 7.323000e+01
392.75, 7.370000e+01
396.75, 7.299000e+01
400.76, 7.299000e+01
404.75, 7.323000e+01
408.76, 7.299000e+01
412.76, 7.276000e+01
416.78, 7.253000e+01
420.77, 7.299000e+01
424.77, 7.230000e+01
428.78, 7.184000e+01
432.79, 7.230000e+01
436.78, 7.230000e+01
440.80, 7.162000e+01
444.79, 7.162000e+01
448.78, 7.162000e+01
452.79, 7.095000e+01
456.80, 7.162000e+01
460.81, 7.117000e+01
464.80, 7.139000e+01
468.82, 7.117000e+01
472.82, 7.073000e+01
476.83, 7.051000e+01
480.82, 7.029000e+01
484.82, 7.029000e+01
488.83, 7.051000e+01
492.84, 7.029000e+01
496.84, 7.051000e+01
500.84, 7.007000e+01
504.84, 7.029000e+01
508.84, 6.985000e+01
512.85, 6.964000e+01
516.86, 6.964000e+01
520.85, 6.944000e+01
524.86, 6.921000e+01
528.86, 6.921000e+01
532.87, 6.921000e+01
536.87, 6.942000e+01
540.88, 6.921000e+01
544.89, 6.858000e+01
548.88, 6.837000e+01
552.89, 6.858000e+01
556.89, 6.858000e+01
560.90, 6.879000e+01
564.91, 6.795000e+01
568.90, 6.816000e+01
572.92, 6.795000e+01
576.91, 6.837000e+01
580.90, 6.816000e+01
584.91, 6.754000e+01
588.93, 6.733000e+01
592.92, 6.733000e+01
596.93, 6.693000e+01
600.93, 6.754000e+01
604.92, 6.693000e+01
608.94, 6.713000e+01
612.95, 6.693000e+01
616.95, 6.633000e+01
620.95, 6.653000e+01
624.94, 6.653000e+01
628.96, 6.653000e+01
632.97, 6.653000e+01
636.96, 6.613000e+01
640.97, 6.593000e+01
644.97, 6.593000e+01
648.97, 6.633000e+01
652.99, 6.613000e+01
656.98, 6.554000e+01
660.98, 6.613000e+01
664.99, 6.554000e+01
669.00, 6.534000e+01
673.00, 6.534000e+01
676.99, 6.534000e+01
681.01, 6.534000e+01
685.01, 6.534000e+01
689.02, 6.515000e+01
693.01, 6.496000e+01
697.01, 6.515000e+01
701.02, 6.534000e+01
705.02, 6.476000e+01
709.03, 6.496000e+01
713.03, 6.496000e+01
717.02, 6.457000e+01
721.04, 6.438000e+01
725.03, 6.419000e+01
729.06, 6.381000e+01
733.05, 6.457000e+01
737.05, 6.419000e+01
741.06, 6.381000e+01
745.07, 6.381000e+01
749.07, 6.362000e+01
753.07, 6.381000e+01
757.07, 6.371000e+01
761.07, 6.362000e+01
765.08, 6.362000e+01
769.08, 6.325000e+01
773.08, 6.325000e+01
777.09, 6.325000e+01
781.08, 6.306000e+01
785.09, 6.325000e+01
789.10, 6.288000e+01
793.11, 6.288000e+01
797.11, 6.288000e+01
801.12, 6.270000e+01
805.11, 6.233000e+01
809.12, 6.270000e+01
813.12, 6.251000e+01
817.12, 6.233000e+01
821.12, 6.215000e+01
825.12, 6.215000e+01
829.14, 6.215000e+01
833.13, 6.179000e+01
837.15, 6.215000e+01
841.15, 6.197000e+01
845.14, 6.179000e+01
849.15, 6.161000e+01
853.15, 6.179000e+01
857.16, 6.161000e+01
861.16, 6.143000e+01
865.17, 6.179000e+01
869.17, 6.125000e+01
873.17, 6.125000e+01
877.19, 6.125000e+01
881.18, 6.090000e+01
885.20, 6.143000e+01
889.19, 6.072000e+01
893.19, 6.107000e+01
897.20, 6.037000e+01
901.20, 6.072000e+01
905.20, 6.072000e+01
909.20, 6.072000e+01
913.21, 6.072000e+01
917.21, 6.072000e+01
921.22, 6.019000e+01
925.22, 6.019000e+01
929.23, 6.019000e+01
933.23, 6.037000e+01
937.23, 6.019000e+01
941.24, 5.967000e+01
945.24, 5.967000e+01
949.25, 6.019000e+01
953.25, 5.967000e+01
957.24, 5.985000e+01
961.25, 5.967000e+01
965.26, 5.950000e+01
969.26, 6.002000e+01
973.27, 5.950000e+01
977.27, 5.950000e+01
981.28, 5.933000e+01
985.28, 5.916000e+01
989.29, 5.899000e+01
993.28, 5.899000e+01
997.29, 5.933000e+01
1001.29, 5.882000e+01
1005.29, 5.916000e+01
1009.29, 5.899000e+01
1013.31, 5.882000e+01
1017.30, 5.848000e+01
1021.30, 5.899000e+01
1025.31, 5.882000e+01
1029.31, 5.848000e+01
1033.33, 5.798000e+01
1037.32, 5.832000e+01
1041.33, 5.832000e+01
1045.32, 5.782000e+01
1049.33, 5.798000e+01
1053.34, 5.798000e+01
1057.33, 5.765000e+01
1061.35, 5.782000e+01
1065.35, 5.798000e+01
1069.35, 5.749000e+01
1073.36, 5.782000e+01
1077.35, 5.765000e+01
1081.36, 5.732000e+01
1085.36, 5.749000e+01
1089.36, 5.716000e+01
1093.37, 5.732000e+01
1097.38, 5.732000e+01
1101.38, 5.749000e+01
1105.38, 5.749000e+01
1109.40, 5.716000e+01
1113.39, 5.732000e+01
1117.39, 5.667000e+01
1121.40, 5.651000e+01
1125.39, 5.683000e+01
1129.40, 5.667000e+01
1133.41, 5.667000e+01
1137.42, 5.683000e+01
1141.43, 5.683000e+01
1145.41, 5.667000e+01
1149.42, 5.683000e+01
1153.44, 5.651000e+01
1157.44, 5.651000e+01
1161.43, 5.635000e+01
1165.43, 5.651000e+01
1169.43, 5.603000e+01
1173.43, 5.603000e+01
1177.44, 5.587000e+01
1181.45, 5.619000e+01
1185.46, 5.571000e+01
1189.47, 5.587000e+01
1193.46, 5.587000e+01
1197.47, 5.571000e+01
1201.47, 5.555000e+01
1205.48, 5.571000e+01
1209.46, 5.555000e+01
1213.49, 5.571000e+01
1217.48, 5.524000e+01
1221.50, 5.539000e+01
1225.49, 5.539000e+01
1229.49, 5.524000e+01
1233.49, 5.508000e+01
1237.49, 5.508000e+01
1241.50, 5.492000e+01
1245.51, 5.508000e+01
1249.51, 5.477000e+01
1253.51, 5.461000e+01
1257.52, 5.492000e+01
1261.53, 5.492000e+01
1265.53, 5.492000e+01
1269.54, 5.477000e+01
1273.53, 5.461000e+01
1277.54, 5.446000e+01
1281.53, 5.446000e+01
1285.54, 5.446000e+01
1289.55, 5.446000e+01
1293.55, 5.430000e+01
1297.55, 5.446000e+01
1301.56, 5.415000e+01
1305.57, 5.415000e+01
1309.57, 5.415000e+01
1313.56, 5.399000e+01
1317.57, 5.384000e+01
1321.58, 5.415000e+01
1325.58, 5.399000e+01
1329.58, 5.415000e+01
1333.60, 5.399000e+01
1337.58, 5.369000e+01
1341.60, 5.384000e+01
1345.60, 5.369000e+01
1349.60, 5.338000e+01
1353.62, 5.354000e+01
1357.61, 5.338000e+01
1361.62, 5.323000e+01
1365.61, 5.338000e+01
1369.62, 5.308000e+01
1373.63, 5.323000e+01
1377.63, 5.354000e+01
1381.63, 5.293000e+01
1385.63, 5.293000e+01
1389.64, 5.308000e+01
1393.64, 5.323000e+01
1397.65, 5.323000e+01
1401.65, 5.293000e+01
1405.65, 5.263000e+01
1409.66, 5.278000e+01
1413.65, 5.248000e+01
1417.66, 5.293000e+01
1421.66, 5.293000e+01
1425.67, 5.233000e+01
1429.68, 5.233000e+01
1433.69, 5.278000e+01
1437.68, 5.233000e+01
1441.68, 5.233000e+01
1445.68, 5.218000e+01
1449.70, 5.233000e+01
1453.70, 5.204000e+01
1457.70, 5.218000e+01
1461.71, 5.233000e+01
1465.70, 5.189000e+01
1469.71, 5.204000e+01
1473.72, 5.204000e+01
1477.72, 5.174000e+01
1481.73, 5.204000e+01
1485.73, 5.174000e+01
1489.73, 5.130000e+01
1493.74, 5.159000e+01
1497.74, 5.174000e+01
1501.73, 5.159000e+01
1505.75, 5.145000e+01
1509.74, 5.159000e+01
1513.75, 5.159000e+01
1517.75, 5.159000e+01
1521.75, 5.145000e+01
1525.76, 5.116000e+01
1529.75, 5.159000e+01
1533.77, 5.101000e+01
1537.77, 5.130000e+01
1541.78, 5.130000e+01
1545.78, 5.116000e+01
1549.78, 5.087000e+01
1553.79, 5.101000e+01
1557.79, 5.101000e+01
1561.78, 5.116000e+01
1565.80, 5.087000e+01
1569.80, 5.072000e+01
1573.80, 5.072000e+01
1577.80, 5.058000e+01
1581.81, 5.029000e+01
1585.81, 5.058000e+01
1589.82, 5.072000e+01
1593.83, 5.015000e+01
1597.82, 5.072000e+01
1601.83, 5.043000e+01
1605.83, 5.058000e+01
1609.82, 5.043000e+01
1613.84, 5.043000e+01
1617.84, 5.015000e+01
1621.85, 5.015000e+01
1625.86, 5.029000e+01
1629.85, 4.986000e+01
1633.86, 5.015000e+01
1637.86, 5.005000e+01
1641.88, 4.986000e+01
1645.87, 4.986000e+01
1649.87, 4.986000e+01
1653.88, 4.972000e+01
1657.89, 4.972000e+01
1661.90, 4.972000e+01
1665.89, 4.944000e+01
1669.88, 4.972000e+01
1673.89, 4.944000e+01
1677.91, 4.944000e+01
1681.90, 4.944000e+01
1685.90, 4.972000e+01
1689.91, 4.958000e+01
1693.91, 4.902000e+01
1697.92, 4.958000e+01
1701.92, 4.944000e+01
1705.94, 4.916000e+01
1709.92, 4.916000e+01
1713.94, 4.916000e+01
1717.93, 4.902000e+01
1721.94, 4.916000e+01
1725.94, 4.930000e+01
1729.95, 4.888000e+01
1733.96, 4.888000e+01
1737.96, 4.874000e+01
1741.95, 4.888000e+01
1745.97, 4.874000e+01
1749.97, 4.888000e+01
1753.97, 4.874000e+01
1757.97, 4.846000e+01
1761.99, 4.888000e+01
1765.98, 4.846000e+01
1769.99, 4.846000e+01
1773.99, 4.846000e+01
1777.99, 4.860000e+01
1781.99, 4.846000e+01
1786.00, 4.832000e+01
1790.01, 4.846000e+01
1794.01, 4.860000e+01
1798.01, 4.860000e+01
1802.01, 4.832000e+01
1806.01, 4.818000e+01
1810.02, 4.846000e+01
1814.02, 4.818000e+01
1818.03, 4.804000e+01
1822.03, 4.832000e+01
1826.02, 4.818000e+01
1830.04, 4.804000e+01
1834.04, 4.804000e+01
1838.05, 4.791000e+01
1842.05, 4.791000e+01
1846.05, 4.763000e+01
1850.05, 4.777000e+01
1854.05, 4.763000e+01
1858.06, 4.777000e+01
1862.07, 4.777000e+01
1866.06, 4.763000e+01
1870.07, 4.722000e+01
1874.08, 4.763000e+01
1878.07, 4.750000e+01
1882.08, 4.736000e+01
1886.07, 4.763000e+01
1890.08, 4.695000e+01
1894.10, 4.709000e+01
1898.09, 4.682000e+01
1902.11, 4.709000e+01
1906.11, 4.682000e+01
1910.11, 4.682000e+01
1914.11, 4.709000e+01
1918.11, 4.682000e+01
1922.11, 4.709000e+01
1926.13, 4.709000e+01
1930.12, 4.709000e+01
1934.13, 4.655000e+01
1938.13, 4.668000e+01
1942.14, 4.668000e+01
1946.14, 4.668000e+01
1950.15, 4.628000e+01
1954.16, 4.628000e+01
1958.16, 4.641000e+01
1962.16, 4.655000e+01
1966.17, 4.682000e+01
1970.17, 4.655000e+01
1974.18, 4.655000e+01
1978.17, 4.641000e+01
1982.17, 4.641000e+01
1986.19, 4.628000e+01
1990.18, 4.615000e+01
1994.19, 4.628000e+01
1998.19, 4.601000e+01
2002.20, 4.628000e+01
2006.18, 4.628000e+01
2010.20, 4.628000e+01
2014.22, 4.588000e+01
2018.20, 4.628000e+01
2022.21, 4.601000e+01
2026.21, 4.601000e+01
2030.22, 4.601000e+01
2034.23, 4.588000e+01
2038.22, 4.588000e+01
2042.24, 4.601000e+01
2046.24, 4.601000e+01
2050.24, 4.615000e+01
2054.25, 4.575000e+01
2058.24, 4.575000e+01
2062.23, 4.575000e+01
2066.26, 4.575000e+01
2070.26, 4.548000e+01
2074.26, 4.575000e+01
2078.27, 4.522000e+01
2082.28, 4.548000e+01
2086.28, 4.522000e+01
2090.27, 4.535000e+01
2094.27, 4.522000e+01
2098.29, 4.548000e+01
2102.29, 4.509000e+01
2106.28, 4.535000e+01
2110.28, 4.509000e+01
2114.29, 4.509000e+01
2118.29, 4.535000e+01
2122.31, 4.522000e+01
2126.31, 4.522000e+01
2130.32, 4.509000e+01
2134.31, 4.483000e+01
2138.30, 4.496000e+01
2142.31, 4.509000e+01
2146.33, 4.509000e+01
2150.33, 4.496000e+01
2154.32, 4.483000e+01
2158.34, 4.483000e+01
2162.34, 4.456000e+01
2166.35, 4.483000e+01
2170.34, 4.443000e+01
2174.34, 4.443000e+01
2178.36, 4.469000e+01
2182.35, 4.456000e+01
2186.37, 4.456000e+01
2190.36, 4.496000e+01
2194.38, 4.456000e+01
2198.36, 4.456000e+01
2202.37, 4.456000e+01
2206.37, 4.430000e+01
2210.38, 4.430000e+01
2214.39, 4.430000e+01
2218.39, 4.418000e+01
2222.39, 4.430000e+01
2226.38, 4.405000e+01
2230.41, 4.405000e+01
2234.40, 4.443000e+01
2238.41, 4.443000e+01
2242.40, 4.379000e+01
2246.40, 4.392000e+01
2250.41, 4.430000e+01
2254.42, 4.405000e+01
2258.42, 4.405000e+01
2262.41, 4.392000e+01
2266.44, 4.379000e+01
2270.43, 4.379000e+01
2274.44, 4.392000e+01
2278.44, 4.392000e+01
2282.44, 4.353000e+01
2286.46, 4.379000e+01
2290.45, 4.392000e+01
2294.45, 4.366000e+01
2298.46, 4.392000e+01
2302.47, 4.353000e+01
2306.46, 4.353000e+01
2310.47, 4.366000e+01
2314.48, 4.366000e+01
2318.48, 4.353000e+01
2322.48, 4.340000e+01
2326.48, 4.366000e+01
2330.49, 4.328000e+01
2334.49, 4.328000e+01
2338.49, 4.328000e+01
2342.51, 4.328000e+01
2346.50, 4.353000e+01
2350.50, 4.289000e+01
2354.50, 4.315000e+01
2358.52, 4.315000e+01
2362.53, 4.328000e+01
2366.53, 4.328000e+01
2370.53, 4.302000e+01
2374.53, 4.328000e+01
2378.53, 4.328000e+01
2382.54, 4.328000e+01
2386.54, 4.302000e+01
2390.54, 4.289000e+01
2394.55, 4.289000e+01
2398.56, 4.289000e+01
2402.55, 4.302000e+01
2406.56, 4.289000e+01
2410.55, 4.302000e+01
2414.57, 4.277000e+01
2418.56, 4.264000e+01
2422.57, 4.251000e+01
2426.58, 4.264000e+01
2430.58, 4.277000e+01
2434.58, 4.251000e+01
2438.58, 4.239000e+01
2442.60, 4.277000e+01
2446.60, 4.264000e+01
2450.59, 4.226000e+01
2454.61, 4.264000e+01
2458.61, 4.264000e+01
2462.60, 4.277000e+01
2466.61, 4.264000e+01
2470.61, 4.239000e+01
2474.60, 4.226000e+01
2478.61, 4.239000e+01
2482.61, 4.239000e+01
2486.63, 4.251000e+01
2490.64, 4.239000e+01
2494.64, 4.251000e+01
2498.64, 4.214000e+01
2502.64, 4.226000e+01
2506.65, 4.214000e+01
2510.66, 4.226000e+01
2514.65, 4.189000e+01
2518.66, 4.226000e+01
2522.66, 4.201000e+01
2526.66, 4.189000e+01
2530.68, 4.201000e+01
2534.66, 4.189000e+01
2538.67, 4.189000e+01
2542.67, 4.189000e+01
2546.68, 4.164000e+01
2550.68, 4.201000e+01
2554.67, 4.164000e+01
2558.69, 4.151000e+01
2562.70, 4.176000e+01
2566.69, 4.176000e+01
2570.71, 4.189000e+01
2574.71, 4.151000e+01
2578.72, 4.151000e+01
2582.72, 4.189000e+01
2586.72, 4.164000e+01
2590.73, 4.164000e+01
2594.72, 4.176000e+01
2598.73, 4.114000e+01
2602.73, 4.139000e+01
2606.74, 4.151000e+01
2610.74, 4.139000e+01
2614.75, 4.139000e+01
2618.75, 4.151000e+01
2622.74, 4.126000e+01
2626.74, 4.126000e+01
2630.75, 4.114000e+01
2634.75, 4.139000e+01
2638.77, 4.114000e+01
2642.77, 4.114000e+01
2646.78, 4.089000e+01
2650.79, 4.114000e+01
2654.77, 4.139000e+01
2658.78, 4.126000e+01
2662.79, 4.102000e+01
2666.79, 4.077000e+01
2670.80, 4.077000e+01
2674.79, 4.077000e+01
2678.80, 4.102000e+01
2682.80, 4.102000e+01
2686.82, 4.077000e+01
2690.82, 4.065000e+01
2694.82, 4.077000e+01
2698.82, 4.077000e+01
2702.82, 4.077000e+01
2706.82, 4.052000e+01
2710.83, 4.077000e+01
2714.83, 4.077000e+01
2718.84, 4.052000e+01
2722.83, 4.040000e+01
2726.84, 4.077000e+01
2730.84, 4.065000e+01
2734.84, 4.065000e+01
2738.86, 4.077000e+01
2742.85, 4.040000e+01
2746.87, 4.052000e+01
2750.87, 4.065000e+01
2754.86, 4.065000e+01
2758.87, 4.040000e+01
2762.88, 4.065000e+01
2766.88, 4.028000e+01
2770.89, 4.052000e+01
2774.88, 4.003000e+01
2778.89, 4.028000e+01
2782.89, 4.052000e+01
2786.90, 4.028000e+01
2790.91, 4.016000e+01
2794.90, 4.052000e+01
2798.92, 4.040000e+01
2802.92, 4.003000e+01
2806.92, 3.991000e+01
2810.92, 4.016000e+01
2814.93, 4.003000e+01
2818.93, 4.016000e+01
2822.94, 3.991000e+01
2826.93, 3.979000e+01
2830.94, 4.016000e+01
2834.94, 4.003000e+01
2838.95, 3.979000e+01
2842.95, 3.979000e+01
2846.95, 3.979000e+01
2850.96, 3.967000e+01
2854.96, 3.991000e+01
2858.97, 3.955000e+01
2862.95, 3.991000e+01
2866.97, 3.967000e+01
2870.97, 3.967000e+01
2874.99, 3.979000e+01
2878.97, 3.979000e+01
2882.97, 3.967000e+01
2887.00, 3.955000e+01
2890.98, 3.979000e+01
2894.99, 3.955000e+01
2899.00, 3.943000e+01
2903.00, 3.979000e+01
2907.01, 3.967000e+01
2911.01, 3.943000e+01
2915.01, 3.955000e+01
2919.02, 3.955000e+01
2923.01, 3.919000e+01
2927.01, 3.955000e+01
2931.03, 3.931000e+01
2935.02, 3.943000e+01
2939.03, 3.919000e+01
2943.03, 3.943000e+01
2947.05, 3.919000e+01
2951.06, 3.907000e+01
2955.06, 3.919000e+01
2959.05, 3.919000e+01
2963.06, 3.931000e+01
2967.06, 3.919000e+01
2971.06, 3.883000e+01
2975.07, 3.907000e+01
2979.07, 3.895000e+01
2983.07, 3.907000e+01
2987.08, 3.907000e+01
2991.09, 3.907000e+01
2995.08, 3.919000e+01
2999.09, 3.883000e+01
3003.09, 3.907000e+01
3007.10, 3.919000e+01
3011.10, 3.895000e+01
3015.10, 3.895000e+01
3019.09, 3.895000e+01
3023.10, 3.895000e+01
3027.12, 3.895000e+01
3031.11, 3.895000e+01
3035.13, 3.883000e+01
3039.13, 3.871000e+01
3043.12, 3.871000e+01
3047.13, 3.871000e+01
3051.14, 3.859000e+01
3055.14, 3.847000e+01
3059.15, 3.847000e+01
3063.14, 3.835000e+01
3067.16, 3.883000e+01
3071.16, 3.871000e+01
3075.17, 3.859000e+01
3079.16, 3.847000e+01
3083.17, 3.859000e+01
3087.17, 3.835000e+01
3091.16, 3.847000e+01
3095.16, 3.859000e+01
3099.19, 3.847000e+01
3103.19, 3.823000e+01
3107.19, 3.847000e+01
3111.19, 3.823000e+01
3115.20, 3.847000e+01
3119.19, 3.835000e+01
3123.20, 3.823000e+01
3127.21, 3.799000e+01
3131.21, 3.835000e+01
3135.21, 3.799000e+01
3139.22, 3.823000e+01
3143.21, 3.811000e+01
3147.24, 3.835000e+01
3151.23, 3.799000e+01
3155.24, 3.811000e+01
3159.23, 3.811000e+01
3163.24, 3.811000e+01
3167.24, 3.823000e+01
3171.25, 3.799000e+01
3175.24, 3.811000e+01
3179.26, 3.787000e+01
3183.26, 3.811000e+01
3187.26, 3.775000e+01
3191.27, 3.787000e+01
3195.26, 3.799000e+01
3199.27, 3.799000e+01
3203.27, 3.775000e+01
3207.28, 3.799000e+01
3211.28, 3.799000e+01
3215.28, 3.763000e+01
3219.28, 3.775000e+01
3223.30, 3.787000e+01
3227.29, 3.775000e+01
3231.30, 3.752000e+01
3235.30, 3.763000e+01
3239.30, 3.775000e+01
3243.30, 3.775000e+01
3247.32, 3.763000e+01
3251.32, 3.775000e+01
3255.32, 3.775000e+01
3259.33, 3.763000e+01
3263.32, 3.740000e+01
3267.32, 3.728000e+01
3271.33, 3.752000e+01
3275.34, 3.740000e+01
3279.34, 3.752000e+01
3283.33, 3.752000e+01
3287.36, 3.763000e+01
3291.34, 3.752000e+01
3295.36, 3.740000e+01
3299.36, 3.752000e+01
3303.35, 3.740000e+01
3307.36, 3.752000e+01
3311.36, 3.740000e+01
3315.36, 3.693000e+01
3319.38, 3.740000e+01
3323.37, 3.704000e+01
3327.39, 3.716000e+01
3331.40, 3.728000e+01
3335.39, 3.728000e+01
3339.38, 3.716000e+01
3343.39, 3.728000e+01
3347.41, 3.716000e+01
3351.41, 3.728000e+01
3355.42, 3.704000e+01
3359.41, 3.704000e+01
3363.42, 3.693000e+01
3367.43, 3.693000e+01
3371.42, 3.693000e+01
3375.42, 3.693000e+01
3379.44, 3.681000e+01
3383.44, 3.669000e+01
3387.44, 3.669000e+01
3391.45, 3.669000e+01
3395.44, 3.693000e+01
3399.45, 3.669000e+01
3403.45, 3.658000e+01
3407.45, 3.681000e+01
3411.47, 3.693000e+01
3415.46, 3.646000e+01
3419.47, 3.693000e+01
3423.46, 3.681000e+01
3427.47, 3.693000e+01
3431.48, 3.681000e+01
3435.48, 3.681000e+01
3439.49, 3.669000e+01
3443.49, 3.669000e+01
3447.51, 3.646000e+01
3451.49, 3.646000e+01
3455.50, 3.658000e+01
3459.50, 3.681000e+01
3463.51, 3.658000e+01
3467.51, 3.658000e+01
3471.52, 3.646000e+01
3475.53, 3.646000e+01
3479.52, 3.623000e+01
3483.53, 3.658000e+01
3487.53, 3.634000e+01
3491.54, 3.634000e+01
3495.54, 3.658000e+01
3499.52, 3.634000e+01
3503.55, 3.623000e+01
3507.54, 3.646000e+01
3511.54, 3.611000e+01
3515.55, 3.623000e+01
3519.56, 3.611000e+01
3523.57, 3.623000e+01
3527.57, 3.623000e+01
3531.58, 3.634000e+01
3535.57, 3.623000e+01
3539.58, 3.634000e+01
3543.57, 3.634000e+01
3547.57, 3.634000e+01
3551.58, 3.611000e+01
3555.59, 3.611000e+01
3559.60, 3.599000e+01
3563.60, 3.611000e+01
3567.61, 3.623000e+01
3571.62, 3.599000e+01
3575.61, 3.611000e+01
3579.62, 3.611000e+01
3583.62, 3.611000e+01
3587.63, 3.611000e+01
3591.63, 3.611000e+01
3595.63, 3.611000e+01
3599.63, 3.588000e+01
3603.63, 3.588000e+01
3607.63, 3.588000e+01
3611.65, 3.588000e+01
3615.65, 3.576000e+01
3619.66, 3.588000e+01
3623.66, 3.599000e+01
3627.66, 3.588000e+01
3631.66, 3.576000e+01
3635.67, 3.588000e+01
3639.67, 3.565000e+01
3643.66, 3.576000e+01
3647.67, 3.565000e+01
3651.67, 3.576000e+01
3655.68, 3.565000e+01
3659.69, 3.576000e+01
3663.69, 3.576000e+01
3667.70, 3.576000e+01
3671.70, 3.576000e+01
3675.71, 3.553000e+01
3679.70, 3.576000e+01
3683.71, 3.565000e+01
3687.70, 3.553000e+01
3691.72, 3.530000e+01
3695.71, 3.542000e+01
3699.73, 3.542000e+01
3703.73, 3.553000e+01
3707.71, 3.542000e+01
3711.74, 3.542000e+01
3715.75, 3.542000e+01
3719.74, 3.519000e+01
3723.73, 3.542000e+01
3727.74, 3.542000e+01
3731.75, 3.565000e+01
3735.76, 3.542000e+01
3739.75, 3.519000e+01
3743.77, 3.519000e+01
3747.76, 3.530000e+01
3751.76, 3.507000e+01
3755.78, 3.553000e+01
3759.78, 3.530000e+01
3763.78, 3.542000e+01
3767.78, 3.530000e+01
3771.79, 3.530000e+01
3775.79, 3.496000e+01
3779.80, 3.530000e+01
3783.81, 3.496000e+01
3787.81, 3.519000e+01
3791.80, 3.519000e+01
3795.81, 3.530000e+01
3799.81, 3.530000e+01
3803.82, 3.519000e+01
3807.83, 3.507000e+01
3811.82, 3.507000e+01
3815.82, 3.507000e+01
3819.84, 3.484000e+01
3823.82, 3.507000e+01
3827.83, 3.473000e+01
3831.84, 3.484000e+01
3835.84, 3.507000e+01
3839.85, 3.507000e+01
3843.84, 3.507000e+01
3847.86, 3.484000e+01
3851.85, 3.461000e+01
3855.86, 3.473000e+01
3859.87, 3.473000e+01
3863.88, 3.496000e+01
3867.86, 3.473000e+01
3871.88, 3.484000e+01
3875.87, 3.484000e+01
3879.88, 3.461000e+01
3883.88, 3.496000e+01
3887.90, 3.484000e+01
3891.89, 3.484000e+01
3895.90, 3.450000e+01
3899.91, 3.461000e+01
3903.90, 3.484000e+01
3907.91, 3.484000e+01
3911.92, 3.450000e+01
3915.92, 3.484000e+01
3919.91, 3.427000e+01
3923.93, 3.438000e+01
3927.93, 3.427000e+01
3931.93, 3.438000e+01
3935.92, 3.450000e+01
3939.95, 3.438000e+01
3943.93, 3.438000e+01
3947.95, 3.438000e+01
3951.95, 3.450000e+01
3955.95, 3.416000e+01
3959.96, 3.461000e+01
3963.96, 3.427000e+01
3967.97, 3.450000e+01
3971.98, 3.438000e+01
3975.96, 3.438000e+01
3979.98, 3.450000e+01
3983.98, 3.438000e+01
3987.99, 3.427000e+01
3991.98, 3.404000e+01
3995.99, 3.404000e+01
3999.99, 3.416000e+01
4004.01, 3.416000e+01
4007.99, 3.404000e+01
4012.00, 3.438000e+01
4016.01, 3.427000e+01
4020.01, 3.393000e+01
4024.00, 3.438000e+01
4028.02, 3.393000e+01
4032.02, 3.404000e+01
4036.02, 3.404000e+01
4040.02, 3.416000e+01
4044.02, 3.404000e+01
4048.04, 3.382000e+01
4052.03, 3.416000e+01
4056.05, 3.404000e+01
4060.04, 3.416000e+01
4064.05, 3.416000e+01
4068.05, 3.382000e+01
4072.05, 3.404000e+01
4076.05, 3.404000e+01
4080.06, 3.370000e+01
4084.05, 3.393000e+01
4088.08, 3.393000e+01
4092.07, 3.404000e+01
4096.08, 3.393000e+01
4100.08, 3.393000e+01
4104.09, 3.393000e+01
4108.10, 3.348000e+01
4112.09, 3.393000e+01
4116.11, 3.370000e+01
4120.11, 3.382000e+01
4124.10, 3.359000e+01
4128.11, 3.370000e+01
4132.12, 3.382000e+01
4136.10, 3.359000e+01
4140.13, 3.393000e+01
4144.11, 3.370000e+01
4148.13, 3.348000e+01
4152.13, 3.370000e+01
4156.13, 3.370000e+01
4160.14, 3.370000e+01
4164.15, 3.359000e+01
4168.14, 3.359000e+01
4172.14, 3.370000e+01
4176.15, 3.370000e+01
4180.17, 3.348000e+01
4184.16, 3.359000e+01
4188.15, 3.359000e+01
4192.16, 3.370000e+01
4196.17, 3.370000e+01
4200.18, 3.325000e+01
4204.17, 3.336000e+01
4208.17, 3.336000e+01
4212.18, 3.348000e+01
4216.18, 3.348000e+01
4220.18, 3.325000e+01
4224.20, 3.336000e+01
4228.19, 3.325000e+01
4232.21, 3.336000e+01
4236.21, 3.348000e+01
4240.22, 3.325000e+01
4244.22, 3.348000e+01
4248.22, 3.325000e+01
4252.21, 3.303000e+01
4256.21, 3.303000e+01
4260.23, 3.336000e+01
4264.24, 3.314000e+01
4268.23, 3.336000e+01
4272.23, 3.303000e+01
4276.24, 3.314000e+01
4280.24, 3.325000e+01
4284.26, 3.336000e+01
4288.26, 3.314000e+01
4292.25, 3.314000e+01
4296.26, 3.314000e+01
4300.27, 3.314000e+01
4304.27, 3.314000e+01
4308.26, 3.280000e+01
4312.28, 3.303000e+01
4316.28, 3.291000e+01
4320.28, 3.280000e+01
4324.27, 3.291000e+01
4328.29, 3.303000e+01
4332.29, 3.303000e+01
4336.31, 3.303000e+01
4340.31, 3.314000e+01
4344.30, 3.280000e+01
4348.31, 3.291000e+01
4352.30, 3.291000e+01
4356.32, 3.303000e+01
4360.32, 3.291000e+01
4364.32, 3.280000e+01
4368.32, 3.280000e+01
4372.31, 3.291000e+01
4376.34, 3.280000e+01
4380.34, 3.280000e+01
4384.34, 3.291000e+01
4388.35, 3.280000e+01
4392.34, 3.280000e+01
4396.34, 3.280000e+01
4400.35, 3.258000e+01
4404.36, 3.291000e+01
4408.36, 3.269000e+01
4412.36, 3.280000e+01
4416.38, 3.258000e+01
4420.37, 3.280000e+01
4424.36, 3.246000e+01
4428.39, 3.258000e+01
4432.39, 3.269000e+01
4436.37, 3.269000e+01
4440.39, 3.246000e+01
4444.40, 3.269000e+01
4448.40, 3.258000e+01
4452.40, 3.269000e+01
4456.40, 3.269000e+01
4460.40, 3.269000e+01
4464.41, 3.269000e+01
4468.42, 3.269000e+01
4472.42, 3.224000e+01
4476.42, 3.235000e+01
4480.42, 3.224000e+01
4484.44, 3.258000e+01
4488.44, 3.258000e+01
4492.44, 3.246000e+01
4496.44, 3.258000e+01
4500.43, 3.235000e+01
4504.45, 3.235000e+01
4508.45, 3.258000e+01
4512.46, 3.258000e+01
4516.46, 3.235000e+01
4520.45, 3.258000e+01
4524.46, 3.246000e+01
4528.47, 3.258000e+01
4532.47, 3.258000e+01
4536.46, 3.224000e+01
4540.47, 3.213000e+01
4544.47, 3.235000e+01
4548.49, 3.235000e+01
4552.48, 3.235000e+01
4556.50, 3.235000e+01
4560.49, 3.213000e+01
4564.51, 3.224000e+01
4568.51, 3.224000e+01
4572.50, 3.202000e+01
4576.51, 3.213000e+01
4580.51, 3.202000e+01
4584.52, 3.191000e+01
4588.53, 3.202000e+01
4592.54, 3.202000e+01
4596.53, 3.224000e+01
4600.53, 3.202000e+01
4604.54, 3.179000e+01
4608.54, 3.202000e+01
4612.55, 3.224000e+01
4616.55, 3.213000e+01
4620.55, 3.202000e+01
4624.56, 3.213000e+01
4628.57, 3.191000e+01
4632.56, 3.213000e+01
4636.57, 3.202000e+01
4640.56, 3.202000e+01
4644.58, 3.202000e+01
4648.59, 3.213000e+01
4652.58, 3.213000e+01
4656.59, 3.191000e+01
4660.60, 3.179000e+01
4664.60, 3.191000e+01
4668.59, 3.168000e+01
4672.60, 3.191000e+01
4676.60, 3.191000e+01
4680.61, 3.179000e+01
4684.62, 3.202000e+01
4688.61, 3.168000e+01
4692.62, 3.191000e+01
4696.63, 3.202000e+01
4700.62, 3.179000e+01
4704.63, 3.179000e+01
4708.63, 3.179000e+01
4712.62, 3.202000e+01
4716.64, 3.157000e+01
4720.65, 3.179000e+01
4724.65, 3.179000e+01
4728.65, 3.157000e+01
4732.65, 3.179000e+01
4736.66, 3.179000e+01
4740.65, 3.157000e+01
4744.67, 3.168000e+01
4748.67, 3.168000e+01
4752.68, 3.168000e+01
4756.67, 3.157000e+01
4760.68, 3.157000e+01
4764.68, 3.146000e+01
4768.68, 3.135000e+01
4772.69, 3.168000e+01
4776.71, 3.168000e+01
4780.70, 3.168000e+01
4784.69, 3.168000e+01
4788.71, 3.157000e+01
4792.70, 3.146000e+01
4796.72, 3.157000e+01
4800.73, 3.135000e+01
4804.71, 3.135000e+01
4808.73, 3.157000e+01
4812.72, 3.157000e+01
4816.74, 3.135000e+01
4820.73, 3.157000e+01
4824.75, 3.135000e+01
4828.75, 3.146000e+01
4832.75, 3.146000e+01
4836.75, 3.146000e+01
4840.76, 3.124000e+01
4844.75, 3.146000e+01
4848.76, 3.146000e+01
4852.75, 3.124000e+01
4856.77, 3.124000e+01
4860.78, 3.135000e+01
4864.78, 3.146000e+01
4868.78, 3.135000e+01
4872.79, 3.157000e+01
4876.77, 3.124000e+01
4880.78, 3.124000e+01
4884.79, 3.124000e+01
4888.79, 3.102000e+01
4892.80, 3.102000e+01
4896.79, 3.135000e+01
4900.81, 3.135000e+01
4904.82, 3.113000e+01
4908.82, 3.113000e+01
4912.81, 3.113000e+01
4916.82, 3.091000e+01
4920.83, 3.091000e+01
4924.83, 3.091000e+01
4928.84, 3.124000e+01
4932.85, 3.113000e+01
4936.84, 3.102000e+01
4940.84, 3.113000e+01
4944.85, 3.124000e+01
4948.86, 3.102000e+01
4952.86, 3.113000e+01
4956.85, 3.091000e+01
4960.86, 3.124000e+01
4964.87, 3.080000e+01
4968.88, 3.102000e+01
4972.87, 3.124000e+01
4976.87, 3.113000e+01
4980.88, 3.102000e+01
4984.89, 3.091000e+01
4988.88, 3.091000e+01
4992.90, 3.091000e+01
4996.90, 3.091000e+01
5000.89, 3.102000e+01
5004.91, 3.113000e+01
5008.91, 3.091000e+01
5012.92, 3.091000e+01
5016.92, 3.102000e+01
5020.92, 3.091000e+01
5024.93, 3.080000e+01
5028.92, 3.069000e+01
5032.94, 3.102000e+01
5036.93, 3.102000e+01
5040.95, 3.058000e+01
5044.93, 3.091000e+01
5048.95, 3.058000e+01
5052.93, 3.069000e+01
5056.95, 3.069000e+01
5060.96, 3.080000e+01
5064.95, 3.091000e+01
5068.96, 3.091000e+01
5072.97, 3.080000e+01
5076.97, 3.058000e+01
5080.98, 3.091000e+01
5084.97, 3.069000e+01
5088.99, 3.069000e+01
5092.98, 3.069000e+01
5097.00, 3.080000e+01
5100.99, 3.091000e+01
5104.99, 3.080000e+01
5108.99, 3.058000e+01
5113.01, 3.047000e+01
5117.01, 3.091000e+01
5121.01, 3.080000e+01
5125.01, 3.058000e+01
5129.01, 3.069000e+01
5133.01, 3.080000e+01
5137.02, 3.069000e+01
5141.01, 3.036000e+01
5145.04, 3.047000e+01
5149.03, 3.025000e+01
5153.04, 3.047000e+01
5157.04, 3.058000e+01
5161.04, 3.036000e+01
5165.05, 3.069000e+01
5169.05, 3.036000e+01
5173.05, 3.047000e+01
5177.06, 3.047000e+01
5181.06, 3.036000e+01
5185.07, 3.025000e+01
5189.07, 3.047000e+01
5193.07, 3.058000e+01
5197.07, 3.036000e+01
5201.09, 3.047000e+01
5205.08, 3.047000e+01
5209.08, 3.069000e+01
5213.09, 3.014000e+01
5217.09, 3.036000e+01
5221.09, 3.025000e+01
5225.09, 3.036000e+01
5229.10, 3.036000e+01
5233.11, 3.014000e+01
5237.12, 3.014000e+01
5241.11, 3.058000e+01
5245.12, 3.036000e+01
5249.12, 3.036000e+01
5253.12, 3.047000e+01
5257.12, 3.036000e+01
5261.14, 3.025000e+01
5265.14, 3.036000e+01
5269.15, 3.025000e+01
5273.14, 3.036000e+01
5277.15, 3.014000e+01
5281.16, 3.025000e+01
5285.16, 3.025000e+01
5289.17, 3.014000e+01
5293.17, 3.003000e+01
5297.16, 3.003000e+01
5301.17, 3.025000e+01
5305.17, 3.036000e+01
5309.18, 3.014000e+01
5313.17, 3.014000e+01
5317.19, 3.014000e+01
5321.19, 3.014000e+01
5325.19, 2.992000e+01
5329.20, 3.014000e+01
5333.21, 3.014000e+01
5337.21, 2.992000e+01
5341.20, 3.014000e+01
5345.21, 3.025000e+01
5349.22, 3.025000e+01
5353.21, 3.003000e+01
5357.22, 3.025000e+01
5361.23, 3.003000e+01
5365.23, 3.003000e+01
5369.22, 3.003000e+01
5373.23, 3.014000e+01
5377.24, 3.003000e+01
5381.25, 2.992000e+01
5385.25, 3.003000e+01
5389.25, 2.992000e+01
5393.25, 3.003000e+01
5397.26, 2.992000e+01
5401.27, 2.970000e+01
5405.26, 2.992000e+01
5409.28, 2.992000e+01
5413.27, 2.981000e+01
5417.28, 3.003000e+01
5421.27, 2.992000e+01
5425.28, 2.970000e+01
5429.29, 3.003000e+01
5433.29, 3.003000e+01
5437.30, 2.992000e+01
5441.30, 2.981000e+01
5445.31, 2.970000e+01
5449.30, 2.970000e+01
5453.32, 2.981000e+01
5457.32, 2.992000e+01
5461.32, 2.981000e+01
5465.32, 2.992000e+01
5469.32, 2.981000e+01
5473.33, 2.992000e+01
5477.33, 2.992000e+01
5481.33, 2.992000e+01
5485.34, 2.992000e+01
5489.34, 2.959000e+01
5493.35, 2.981000e+01
5497.36, 2.992000e+01
5501.35, 2.959000e+01
5505.36, 2.992000e+01
5509.36, 2.959000e+01
5513.35, 2.981000e+01
5517.38, 2.959000e+01
5521.37, 2.970000e+01
5525.37, 2.948000e+01
5529.37, 2.981000e+01
5533.39, 2.959000e+01
5537.38, 2.981000e+01
5541.39, 2.959000e+01
5545.39, 2.981000e+01
5549.38, 2.959000e+01
5553.41, 2.959000e+01
5557.39, 2.981000e+01
5561.40, 2.970000e+01
5565.41, 2.948000e+01
5569.42, 2.970000e+01
5573.42, 2.970000e+01
5577.42, 2.970000e+01
5581.43, 2.970000e+01
5585.43, 2.948000e+01
5589.43, 2.959000e+01
5593.44, 2.948000e+01
5597.44, 2.926000e+01
5601.45, 2.948000e+01
5605.44, 2.959000e+01
5609.46, 2.959000e+01
5613.46, 2.948000e+01
5617.45, 2.970000e+01
5621.45, 2.959000e+01
5625.46, 2.937000e+01
5629.47, 2.959000e+01
5633.47, 2.915000e+01
5637.48, 2.937000e+01
5641.47, 2.915000e+01
5645.48, 2.926000e+01
5649.47, 2.937000e+01
5653.50, 2.926000e+01
5657.49, 2.926000e+01
5661.50, 2.937000e+01
5665.50, 2.937000e+01
5669.51, 2.926000e+01
5673.52, 2.915000e+01
5677.51, 2.948000e+01
5681.52, 2.937000e+01
5685.53, 2.937000e+01
5689.52, 2.959000e+01
5693.52, 2.937000e+01
5697.52, 2.926000e+01
5701.52, 2.937000e+01
5705.53, 2.926000e+01
5709.55, 2.937000e+01
5713.54, 2.926000e+01
5717.55, 2.948000e+01
5721.55, 2.937000e+01
5725.56, 2.926000e+01
5729.56, 2.937000e+01
5733.57, 2.937000e+01
5737.58, 2.937000e+01
5741.57, 2.904000e+01
5745.58, 2.915000e+01
5749.58, 2.915000e+01
5753.57, 2.926000e+01
5757.58, 2.926000e+01
5761.59, 2.915000e+01
5765.60, 2.937000e+01
5769.59, 2.926000e+01
5773.60, 2.904000e+01
5777.60, 2.894000e+01
5781.60, 2.926000e+01
5785.62, 2.926000e+01
5789.61, 2.894000e+01
5793.60, 2.915000e+01
5797.62, 2.894000e+01
5801.64, 2.883000e+01
5805.64, 2.883000e+01
5809.63, 2.883000e+01
5813.64, 2.883000e+01
5817.65, 2.883000e+01
5821.64, 2.883000e+01
5825.66, 2.894000e+01
5829.66, 2.904000e+01
5833.66, 2.915000e+01
5837.65, 2.904000e+01
5841.67, 2.894000e+01
5845.66, 2.915000e+01
5849.68, 2.883000e+01
5853.67, 2.894000e+01
5857.68, 2.883000e+01
5861.68, 2.883000e+01
5865.69, 2.883000e+01
5869.68, 2.894000e+01
5873.68, 2.883000e+01
5877.69, 2.883000e+01
5881.70, 2.883000e+01
5885.70, 2.915000e+01
5889.72, 2.904000e+01
5893.71, 2.904000e+01
5897.70, 2.904000e+01
5901.72, 2.883000e+01
5905.73, 2.872000e+01
5909.72, 2.872000e+01
5913.71, 2.872000e+01
5917.72, 2.904000e+01
5921.73, 2.883000e+01
5925.73, 2.894000e+01
5929.74, 2.894000e+01
5933.74, 2.894000e+01
5937.75, 2.883000e+01
5941.76, 2.872000e+01
5945.76, 2.883000e+01
5949.76, 2.883000e+01
5953.76, 2.850000e+01
5957.77, 2.894000e+01
5961.78, 2.861000e+01
5965.77, 2.894000e+01
5969.77, 2.883000e+01
5973.78, 2.872000e+01
5977.79, 2.850000e+01
5981.79, 2.850000e+01
5985.80, 2.872000e+01
5989.80, 2.883000e+01
5993.79, 2.872000e+01
5997.80, 2.883000e+01
6001.80, 2.872000e+01
6005.82, 2.872000e+01
6009.83, 2.850000e+01
6013.81, 2.872000e+01
6017.83, 2.883000e+01
6021.83, 2.861000e+01
6025.83, 2.861000e+01
6029.83, 2.883000e+01
6033.84, 2.872000e+01
6037.85, 2.861000e+01
6041.85, 2.850000e+01
6045.86, 2.872000e+01
6049.85, 2.883000e+01
6053.85, 2.872000e+01
6057.87, 2.839000e+01
6061.87, 2.872000e+01
6065.86, 2.861000e+01
6069.86, 2.839000e+01
6073.88, 2.828000e+01
6077.88, 2.872000e+01
6081.87, 2.839000e+01
6085.88, 2.861000e+01
6089.88, 2.872000e+01
6093.89, 2.861000e+01
6097.88, 2.839000e+01
6101.89, 2.828000e+01
6105.90, 2.850000e+01
6109.90, 2.850000e+01
6113.90, 2.828000e+01
6117.92, 2.818000e+01
6121.90, 2.861000e+01
6125.93, 2.828000e+01
6129.92, 2.850000e+01
6133.93, 2.839000e+01
6137.94, 2.839000e+01
6141.94, 2.850000e+01
6145.94, 2.861000e+01
6149.94, 2.828000e+01
6153.95, 2.828000e+01
6157.95, 2.818000e+01
6161.96, 2.839000e+01
6165.95, 2.818000e+01
6169.95, 2.850000e+01
6173.96, 2.850000e+01
6177.98, 2.818000e+01
6181.97, 2.839000e+01
6185.98, 2.850000e+01
6189.97, 2.839000e+01
6193.98, 2.850000e+01
6197.99, 2.850000e+01
6202.00, 2.818000e+01
6206.00, 2.839000e+01
6210.00, 2.839000e+01
6213.99, 2.828000e+01
6218.01, 2.839000e+01
6222.01, 2.828000e+01
6226.02, 2.807000e+01
6230.01, 2.818000e+01
6234.03, 2.818000e+01
6238.02, 2.807000e+01
6242.03, 2.839000e+01
6246.04, 2.818000e+01
6250.04, 2.828000e+01
6254.03, 2.818000e+01
6258.05, 2.807000e+01
6262.05, 2.828000e+01
6266.06, 2.818000e+01
6270.05, 2.818000e+01
6274.07, 2.828000e+01
6278.06, 2.818000e+01
6282.05, 2.839000e+01
6286.07, 2.818000e+01
6290.07, 2.828000e+01
6294.08, 2.796000e+01
6298.08, 2.828000e+01
6302.07, 2.828000e+01
6306.08, 2.828000e+01
6310.10, 2.796000e+01
6314.10, 2.807000e+01
6318.10, 2.828000e+01
6322.09, 2.807000e+01
6326.10, 2.818000e+01
6330.10, 2.785000e+01
6334.11, 2.796000e+01
6338.11, 2.818000e+01
6342.12, 2.785000e+01
6346.13, 2.807000e+01
6350.13, 2.818000e+01
6354.13, 2.818000e+01
6358.12, 2.828000e+01
6362.12, 2.785000e+01
6366.15, 2.818000e+01
6370.14, 2.818000e+01
6374.15, 2.818000e+01
6378.15, 2.796000e+01
6382.15, 2.818000e+01
6386.16, 2.796000e+01
6390.16, 2.807000e+01
6394.16, 2.818000e+01
6398.17, 2.818000e+01
6402.17, 2.807000e+01
6406.17, 2.785000e+01
6410.18, 2.774000e+01
6414.18, 2.785000e+01
6418.18, 2.807000e+01
6422.19, 2.807000e+01
6426.19, 2.764000e+01
6430.19, 2.796000e+01
6434.20, 2.774000e+01
6438.20, 2.796000e+01
6442.19, 2.807000e+01
6446.22, 2.785000e+01
6450.22, 2.807000e+01
6454.22, 2.785000e+01
6458.22, 2.807000e+01
6462.24, 2.796000e+01
6466.23, 2.785000e+01
6470.24, 2.785000e+01
6474.24, 2.796000e+01
6478.23, 2.785000e+01
6482.24, 2.807000e+01
6486.25, 2.774000e+01
6490.26, 2.774000e+01
6494.25, 2.796000e+01
6498.26, 2.796000e+01
6502.26, 2.764000e+01
6506.28, 2.774000e+01
6510.26, 2.796000e+01
6514.27, 2.785000e+01
6518.27, 2.796000e+01
6522.28, 2.796000e+01
6526.29, 2.764000e+01
6530.29, 2.785000e+01
6534.29, 2.796000e+01
6538.30, 2.774000e+01
6542.30, 2.774000e+01
6546.30, 2.764000e+01
6550.30, 2.774000e+01
6554.32, 2.796000e+01
6558.31, 2.774000e+01
6562.32, 2.764000e+01
6566.32, 2.764000e+01
6570.33, 2.774000e+01
6574.33, 2.785000e+01
6578.32, 2.785000e+01
6582.33, 2.774000e+01
6586.34, 2.785000e+01
6590.35, 2.774000e+01
6594.34, 2.774000e+01
6598.36, 2.753000e+01
6602.36, 2.785000e+01
6606.36, 2.774000e+01
6610.37, 2.774000e+01
6614.36, 2.753000e+01
6618.38, 2.753000e+01
6622.37, 2.774000e+01
6626.38, 2.753000e+01
6630.39, 2.774000e+01
6634.39, 2.774000e+01
6638.40, 2.764000e+01
6642.39, 2.764000e+01
6646.40, 2.731000e+01
6650.40, 2.764000e+01
6654.42, 2.710000e+01
6658.40, 2.774000e+01
6662.42, 2.764000e+01
6666.41, 2.753000e+01
6670.43, 2.742000e+01
6674.41, 2.774000e+01
6678.43, 2.764000e+01
6682.44, 2.774000e+01
6686.42, 2.774000e+01
6690.43, 2.764000e+01
6694.44, 2.753000e+01
6698.44, 2.764000e+01
6702.45, 2.731000e+01
6706.46, 2.764000e+01
6710.45, 2.764000e+01
6714.46, 2.742000e+01
6718.47, 2.753000e+01
6722.46, 2.774000e+01
6726.47, 2.764000e+01
6730.48, 2.753000e+01
6734.48, 2.774000e+01
6738.49, 2.764000e+01
6742.48, 2.764000e+01
6746.48, 2.731000e+01
6750.50, 2.731000e+01
6754.50, 2.753000e+01
6758.51, 2.764000e+01
6762.50, 2.753000e+01
6766.50, 2.742000e+01
6770.51, 2.721000e+01
6774.52, 2.742000e+01
6778.53, 2.721000e+01
6782.52, 2.753000e+01
6786.52, 2.721000e+01
6790.53, 2.742000e+01
6794.54, 2.731000e+01
6798.54, 2.742000e+01
6802.54, 2.753000e+01
6806.55, 2.742000e+01
6810.55, 2.731000e+01
6814.56, 2.742000e+01
6818.56, 2.731000e+01
6822.56, 2.721000e+01
6826.55, 2.742000e+01
6830.57, 2.731000e+01
6834.57, 2.753000e+01
6838.56, 2.753000e+01
6842.58, 2.753000e+01
6846.59, 2.721000e+01
6850.59, 2.753000e+01
6854.59, 2.742000e+01
6858.59, 2.742000e+01
6862.60, 2.731000e+01
6866.60, 2.710000e+01
6870.60, 2.731000e+01
6874.60, 2.742000e+01
6878.60, 2.699000e+01
6882.61, 2.721000e+01
6886.61, 2.742000e+01
6890.61, 2.721000e+01
6894.62, 2.742000e+01
6898.61, 2.710000e+01
6902.64, 2.731000e+01
6906.62, 2.710000e+01
6910.65, 2.721000e+01
6914.64, 2.710000e+01
6918.66, 2.699000e+01
6922.64, 2.699000e+01
6926.64, 2.699000e+01
6930.66, 2.721000e+01
6934.66, 2.710000e+01
6938.66, 2.721000e+01
6942.67, 2.742000e+01
6946.66, 2.731000e+01
6950.66, 2.699000e+01
6954.69, 2.699000e+01
6958.69, 2.721000e+01
6962.67, 2.731000e+01
6966.69, 2.699000e+01
6970.69, 2.710000e+01
6974.69, 2.710000e+01
6978.71, 2.710000e+01
6982.69, 2.721000e+01
6986.71, 2.710000e+01
6990.72, 2.688000e+01
6994.71, 2.721000e+01
6998.71, 2.731000e+01
7002.72, 2.731000e+01
7006.73, 2.710000e+01
7010.74, 2.731000e+01
7014.74, 2.721000e+01
7018.73, 2.731000e+01
7022.73, 2.688000e+01
7026.74, 2.721000e+01
7030.75, 2.721000e+01
7034.76, 2.731000e+01
7038.75, 2.688000e+01
7042.75, 2.721000e+01
7046.77, 2.721000e+01
7050.76, 2.710000e+01
7054.76, 2.721000e+01
7058.78, 2.721000e+01
7062.78, 2.721000e+01
7066.77, 2.721000e+01
7070.79, 2.721000e+01
7074.78, 2.721000e+01
7078.79, 2.721000e+01
7082.80, 2.699000e+01
7086.79, 2.699000e+01
7090.81, 2.710000e+01
7094.81, 2.710000e+01
7098.80, 2.688000e+01
7102.82, 2.710000e+01
7106.81, 2.710000e+01
7110.83, 2.710000e+01
7114.82, 2.699000e+01
7118.82, 2.710000e+01
7122.83, 2.667000e+01
7126.84, 2.688000e+01
7130.85, 2.688000e+01
7134.84, 2.688000e+01
7138.84, 2.688000e+01
7142.86, 2.688000e+01
7146.85, 2.699000e+01
7150.86, 2.688000e+01
7154.86, 2.667000e+01
7158.86, 2.699000e+01
7162.87, 2.710000e+01
7166.88, 2.710000e+01
7170.87, 2.667000e+01
7174.88, 2.688000e+01
7178.89, 2.678000e+01
7182.89, 2.699000e+01
7186.89, 2.667000e+01
7190.89, 2.667000e+01
7194.89, 2.699000e+01
7198.90, 2.678000e+01
7202.90, 2.667000e+01
7206.90, 2.699000e+01
7210.92, 2.688000e+01
7214.93, 2.688000e+01
7218.93, 2.678000e+01
7222.92, 2.667000e+01
7226.93, 2.688000e+01
7230.93, 2.688000e+01
7234.94, 2.699000e+01
7238.94, 2.656000e+01
7242.95, 2.688000e+01
7246.95, 2.699000e+01
7250.95, 2.645000e+01
7254.94, 2.699000e+01
7258.97, 2.699000e+01
7262.96, 2.656000e+01
7266.96, 2.667000e+01
7270.97, 2.699000e+01
7274.97, 2.688000e+01
7278.97, 2.667000e+01
7282.98, 2.656000e+01
7286.99, 2.667000e+01
7291.00, 2.667000e+01
7294.99, 2.667000e+01
7299.00, 2.678000e+01
7303.00, 2.678000e+01
7307.01, 2.656000e+01
7311.01, 2.678000e+01
7314.99, 2.667000e+01
7319.02, 2.645000e+01
7323.00, 2.678000e+01
7327.01, 2.688000e+01
7331.03, 2.688000e+01
7335.03, 2.656000e+01
7339.04, 2.624000e+01
7343.03, 2.678000e+01
7347.04, 2.688000e+01
7351.04, 2.688000e+01
7355.05, 2.688000e+01
7359.06, 2.656000e+01
7363.05, 2.678000e+01
7367.06, 2.667000e+01
7371.06, 2.678000e+01
7375.07, 2.678000e+01
7379.06, 2.645000e+01
7383.07, 2.667000e+01
7387.07, 2.656000e+01
7391.08, 2.645000e+01
7395.08, 2.678000e+01
7399.08, 2.667000e+01
7403.09, 2.656000e+01
7407.09, 2.656000e+01
7411.08, 2.667000e+01
7415.09, 2.678000e+01
7419.11, 2.667000e+01
7423.10, 2.678000e+01
7427.11, 2.678000e+01
7431.11, 2.656000e+01
7435.11, 2.645000e+01
7439.13, 2.656000e+01
7443.13, 2.678000e+01
7447.13, 2.667000e+01
7451.14, 2.678000e+01
7455.13, 2.635000e+01
7459.13, 2.656000e+01
7463.14, 2.667000e+01
7467.15, 2.667000e+01
7471.16, 2.656000e+01
7475.14, 2.656000e+01
7479.16, 2.645000e+01
7483.17, 2.645000e+01
7487.16, 2.635000e+01
7491.17, 2.667000e+01
7495.16, 2.667000e+01
7499.18, 2.635000e+01
7503.18, 2.656000e+01
7507.17, 2.667000e+01
7511.18, 2.656000e+01
7515.20, 2.656000e+01
7519.19, 2.645000e+01
7523.20, 2.635000e+01
7527.20, 2.656000e+01
7531.19, 2.645000e+01
7535.20, 2.656000e+01
7539.21, 2.645000e+01
7543.22, 2.645000e+01
7547.22, 2.624000e+01
7551.22, 2.656000e+01
7555.22, 2.635000e+01
7559.22, 2.635000e+01
7563.23, 2.624000e+01
7567.23, 2.667000e+01
7571.25, 2.635000e+01
7575.24, 2.656000e+01
7579.26, 2.635000e+01
7583.25, 2.635000e+01
7587.24, 2.656000e+01
7591.27, 2.656000e+01
7595.26, 2.656000e+01
7599.26, 2.624000e+01
7603.27, 2.635000e+01
7607.27, 2.624000e+01
7611.29, 2.645000e+01
7615.28, 2.635000e+01
7619.29, 2.645000e+01
7623.29, 2.603000e+01
7627.30, 2.635000e+01
7631.30, 2.645000e+01
7635.30, 2.645000e+01
7639.29, 2.635000e+01
7643.30, 2.635000e+01
7647.30, 2.645000e+01
7651.32, 2.624000e+01
7655.32, 2.624000e+01
7659.33, 2.645000e+01
7663.32, 2.624000e+01
7667.33, 2.624000e+01
7671.33, 2.624000e+01
7675.32, 2.645000e+01
7679.34, 2.624000e+01
7683.33, 2.613000e+01
7687.34, 2.624000e+01
7691.35, 2.635000e+01
7695.36, 2.624000e+01
7699.37, 2.635000e+01
7703.36, 2.635000e+01
7707.37, 2.613000e+01
7711.37, 2.624000e+01
7715.38, 2.624000e+01
7719.36, 2.603000e+01
7723.37, 2.624000e+01
7727.38, 2.613000e+01
7731.38, 2.613000e+01
7735.40, 2.635000e+01
7739.39, 2.645000e+01
7743.40, 2.635000e+01
7747.40, 2.624000e+01
7751.41, 2.603000e+01
7755.41, 2.592000e+01
7759.42, 2.613000e+01
7763.42, 2.603000e+01
7767.42, 2.635000e+01
7771.41, 2.613000e+01
7775.42, 2.624000e+01
7779.44, 2.592000e+01
7783.43, 2.613000e+01
7787.43, 2.592000e+01
7791.44, 2.613000e+01
7795.45, 2.613000e+01
7799.45, 2.635000e+01
7803.45, 2.624000e+01
7807.46, 2.635000e+01
7811.45, 2.613000e+01
7815.46, 2.624000e+01
7819.47, 2.603000e+01
7823.46, 2.603000e+01
7827.47, 2.624000e+01
7831.48, 2.613000e+01
7835.47, 2.613000e+01
7839.48, 2.613000e+01
7843.49, 2.613000e+01
7847.49, 2.603000e+01
7851.50, 2.581000e+01
7855.51, 2.613000e+01
7859.50, 2.592000e+01
7863.49, 2.624000e+01
7867.52, 2.592000e+01
7871.50, 2.613000e+01
7875.51, 2.624000e+01
7879.52, 2.603000e+01
7883.53, 2.581000e+01
7887.54, 2.603000e+01
7891.53, 2.592000e+01
7895.54, 2.603000e+01
7899.54, 2.613000e+01
7903.54, 2.592000e+01
7907.56, 2.603000e+01
7911.56, 2.624000e+01
7915.55, 2.613000e+01
7919.56, 2.613000e+01
7923.57, 2.603000e+01
7927.57, 2.613000e+01
7931.58, 2.613000e+01
7935.58, 2.613000e+01
7939.58, 2.613000e+01
7943.57, 2.603000e+01
7947.59, 2.581000e+01
7951.58, 2.613000e+01
7955.59, 2.603000e+01
7959.59, 2.592000e+01
7963.59, 2.592000e+01
7967.59, 2.603000e+01
7971.60, 2.613000e+01
7975.61, 2.613000e+01
7979.62, 2.603000e+01
7983.62, 2.603000e+01
7987.61, 2.613000e+01
7991.64, 2.592000e+01
7995.63, 2.613000e+01
7999.63, 2.603000e+01
8003.64, 2.581000e+01
8007.63, 2.613000e+01
8011.64, 2.592000e+01
8015.63, 2.581000e+01
8019.66, 2.592000e+01
8023.65, 2.603000e+01
8027.66, 2.613000e+01
8031.65, 2.592000e+01
8035.66, 2.592000e+01
8039.65, 2.571000e+01
8043.68, 2.571000e+01
8047.68, 2.603000e+01
8051.68, 2.571000e+01
8055.69, 2.603000e+01
8059.70, 2.581000e+01
8063.68, 2.592000e+01
8067.69, 2.603000e+01
8071.71, 2.571000e+01
8075.70, 2.581000e+01
8079.71, 2.571000e+01
8083.70, 2.592000e+01
8087.71, 2.613000e+01
8091.72, 2.560000e+01
8095.70, 2.560000e+01
8099.71, 2.571000e+01
8103.71, 2.592000e+01
8107.74, 2.592000e+01
8111.74, 2.571000e+01
8115.74, 2.603000e+01
8119.75, 2.592000e+01
8123.75, 2.613000e+01
8127.76, 2.603000e+01
8131.75, 2.592000e+01
8135.75, 2.560000e+01
8139.77, 2.581000e+01
8143.76, 2.571000e+01
8147.77, 2.581000e+01
8151.77, 2.581000e+01
8155.77, 2.571000e+01
8159.79, 2.592000e+01
8163.78, 2.581000e+01
8167.79, 2.571000e+01
8171.78, 2.592000e+01
8175.78, 2.603000e+01
8179.80, 2.560000e+01
8183.80, 2.549000e+01
8187.81, 2.560000e+01
8191.81, 2.560000e+01
8195.81, 2.581000e+01
8199.82, 2.592000e+01
8203.81, 2.592000e+01
8207.83, 2.571000e+01
8211.82, 2.571000e+01
8215.83, 2.581000e+01
8219.84, 2.592000e+01
8223.84, 2.571000e+01
8227.85, 2.549000e+01
8231.83, 2.560000e+01
8235.85, 2.581000e+01
8239.86, 2.592000e+01
8243.86, 2.560000e+01
8247.86, 2.571000e+01
8251.87, 2.549000e+01
8255.86, 2.549000e+01
8259.88, 2.571000e+01
8263.87, 2.581000e+01
8267.88, 2.549000e+01
8271.89, 2.581000e+01
8275.88, 2.560000e+01
8279.89, 2.592000e+01
8283.89, 2.560000e+01
8287.89, 2.560000e+01
8291.90, 2.571000e+01
8295.89, 2.560000e+01
8299.92, 2.560000e+01
8303.90, 2.560000e+01
8307.90, 2.571000e+01
8311.91, 2.549000e+01
8315.92, 2.581000e+01
8319.93, 2.571000e+01
8323.94, 2.581000e+01
8327.94, 2.571000e+01
8331.94, 2.571000e+01
8335.94, 2.560000e+01
8339.94, 2.571000e+01
8343.95, 2.549000e+01
8347.95, 2.571000e+01
8351.95, 2.560000e+01
8355.97, 2.571000e+01
8359.96, 2.539000e+01
8363.96, 2.528000e+01
8367.96, 2.571000e+01
8371.98, 2.571000e+01
8375.97, 2.539000e+01
8379.98, 2.571000e+01
8383.99, 2.571000e+01
8387.98, 2.571000e+01
8391.98, 2.560000e+01
8396.00, 2.549000e+01
8400.00, 2.560000e+01
8404.01, 2.560000e+01
8408.01, 2.560000e+01
8412.01, 2.549000e+01
8416.02, 2.528000e+01
8420.02, 2.528000e+01
8424.03, 2.560000e+01
8428.03, 2.560000e+01
8432.04, 2.560000e+01
8436.04, 2.560000e+01
8440.03, 2.571000e+01
8444.02, 2.571000e+01
8448.03, 2.528000e+01
8452.04, 2.560000e+01
8456.04, 2.549000e+01
8460.06, 2.539000e+01
8464.04, 2.560000e+01
8468.06, 2.560000e+01
8472.05, 2.528000e+01
8476.08, 2.549000e+01
8480.06, 2.549000e+01
8484.08, 2.549000e+01
8488.08, 2.528000e+01
8492.08, 2.539000e+01
8496.07, 2.571000e+01
8500.09, 2.539000e+01
8504.09, 2.549000e+01
8508.08, 2.549000e+01
8512.10, 2.549000e+01
8516.10, 2.549000e+01
8520.10, 2.549000e+01
8524.11, 2.549000e+01
8528.12, 2.539000e+01
8532.13, 2.549000e+01
8536.12, 2.549000e+01
8540.14, 2.560000e+01
8544.13, 2.560000e+01
8548.13, 2.549000e+01
8552.14, 2.539000e+01
8556.14, 2.517000e+01
8560.13, 2.549000e+01
8564.13, 2.539000e+01
8568.16, 2.539000e+01
8572.16, 2.517000e+01
8576.17, 2.560000e+01
8580.16, 2.528000e+01
8584.17, 2.539000e+01
8588.17, 2.539000e+01
8592.18, 2.549000e+01
8596.18, 2.539000e+01
8600.18, 2.560000e+01
8604.17, 2.517000e+01
8608.19, 2.549000e+01
8612.18, 2.549000e+01
8616.19, 2.528000e+01
8620.21, 2.517000e+01
8624.21, 2.517000e+01
8628.21, 2.549000e+01
8632.21, 2.549000e+01
8636.20, 2.539000e+01
8640.23, 2.507000e+01
8644.23, 2.539000e+01
8648.22, 2.539000e+01
8652.23, 2.528000e+01
8656.23, 2.517000e+01
8660.22, 2.539000e+01
8664.23, 2.539000e+01
8668.23, 2.539000e+01
8672.25, 2.528000e+01
8676.25, 2.539000e+01
8680.25, 2.549000e+01
8684.25, 2.549000e+01
8688.26, 2.549000e+01
8692.28, 2.549000e+01
8696.27, 2.517000e+01
8700.28, 2.539000e+01
8704.28, 2.528000e+01
8708.28, 2.528000e+01
8712.29, 2.539000e+01
8716.28, 2.507000e+01
8720.29, 2.517000e+01
8724.29, 2.517000e+01
8728.30, 2.528000e+01
8732.30, 2.539000e+01
8736.29, 2.507000e+01
8740.30, 2.528000e+01
8744.31, 2.539000e+01
8748.32, 2.528000e+01
8752.33, 2.517000e+01
8756.32, 2.539000e+01
8760.32, 2.528000e+01
8764.33, 2.507000e+01
8768.33, 2.528000e+01
8772.33, 2.496000e+01
8776.33, 2.539000e+01
8780.35, 2.517000e+01
8784.35, 2.528000e+01
8788.34, 2.496000e+01
8792.35, 2.539000e+01
8796.36, 2.517000e+01
8800.36, 2.517000e+01
8804.35, 2.528000e+01
8808.36, 2.507000e+01
8812.38, 2.539000e+01
8816.37, 2.517000e+01
8820.37, 2.496000e+01
8824.38, 2.539000e+01
8828.40, 2.539000e+01
8832.39, 2.528000e+01
8836.40, 2.528000e+01
8840.40, 2.496000e+01
8844.39, 2.539000e+01
8848.41, 2.517000e+01
8852.41, 2.528000e+01
8856.42, 2.517000e+01
8860.41, 2.539000e+01
8864.43, 2.539000e+01
8868.43, 2.496000e+01
8872.43, 2.528000e+01
8876.44, 2.528000e+01
8880.43, 2.517000e+01
8884.45, 2.517000e+01
8888.44, 2.528000e+01
8892.44, 2.485000e+01
8896.45, 2.485000e+01
8900.44, 2.528000e+01
8904.45, 2.517000e+01
8908.46, 2.517000e+01
8912.46, 2.528000e+01
8916.45, 2.496000e+01
8920.48, 2.507000e+01
8924.48, 2.517000e+01
8928.47, 2.517000e+01
8932.48, 2.517000e+01
8936.49, 2.507000e+01
8940.49, 2.517000e+01
8944.49, 2.496000e+01
8948.49, 2.517000e+01
8952.50, 2.485000e+01
8956.52, 2.507000e+01
8960.51, 2.528000e+01
8964.51, 2.485000e+01
8968.52, 2.517000e+01
8972.53, 2.528000e+01
8976.53, 2.517000e+01
8980.53, 2.517000e+01
8984.54, 2.528000e+01
8988.53, 2.496000e+01
8992.54, 2.517000e+01
8996.54, 2.507000e+01
9000.54, 2.528000e+01
9004.56, 2.496000e+01
9008.56, 2.496000e+01
9012.55, 2.507000e+01
9016.55, 2.528000e+01
9020.57, 2.507000e+01
9024.56, 2.528000e+01
9028.58, 2.496000e+01
9032.57, 2.475000e+01
9036.58, 2.507000e+01
9040.59, 2.485000e+01
9044.59, 2.517000e+01
9048.59, 2.507000e+01
9052.59, 2.507000e+01
9056.60, 2.517000e+01
9060.59, 2.507000e+01
9064.60, 2.496000e+01
9068.61, 2.517000e+01
9072.62, 2.517000e+01
9076.61, 2.507000e+01
9080.62, 2.517000e+01
9084.62, 2.507000e+01
9088.62, 2.517000e+01
9092.63, 2.485000e+01
9096.62, 2.475000e+01
9100.64, 2.507000e+01
9104.65, 2.507000e+01
9108.65, 2.475000e+01
9112.65, 2.475000e+01
9116.66, 2.507000e+01
9120.66, 2.507000e+01
9124.66, 2.496000e+01
9128.66, 2.507000e+01
9132.66, 2.485000e+01
9136.66, 2.507000e+01
9140.68, 2.485000e+01
9144.67, 2.485000e+01
9148.68, 2.475000e+01
9152.69, 2.507000e+01
9156.69, 2.496000e+01
9160.70, 2.475000e+01
9164.69, 2.507000e+01
9168.70, 2.485000e+01
9172.69, 2.475000e+01
9176.70, 2.507000e+01
9180.70, 2.507000e+01
9184.71, 2.507000e+01
9188.72, 2.464000e+01
9192.72, 2.507000e+01
9196.73, 2.496000e+01
9200.72, 2.485000e+01
9204.72, 2.507000e+01
9208.73, 2.496000e+01
9212.75, 2.496000e+01
9216.75, 2.496000e+01
9220.75, 2.485000e+01
9224.75, 2.496000e+01
9228.75, 2.485000e+01
9232.76, 2.464000e+01
9236.76, 2.496000e+01
9240.77, 2.464000e+01
9244.77, 2.475000e+01
9248.78, 2.496000e+01
9252.77, 2.507000e+01
9256.78, 2.496000e+01
9260.78, 2.475000e+01
9264.79, 2.464000e+01
9268.79, 2.475000e+01
9272.80, 2.464000e+01
9276.80, 2.475000e+01
9280.79, 2.496000e+01
9284.79, 2.507000e+01
9288.80, 2.485000e+01
9292.81, 2.496000e+01
9296.81, 2.464000e+01
9300.83, 2.496000e+01
9304.81, 2.485000e+01
9308.82, 2.485000e+01
9312.83, 2.485000e+01
9316.83, 2.485000e+01
9320.84, 2.485000e+01
9324.84, 2.453000e+01
9328.85, 2.485000e+01
9332.84, 2.464000e+01
9336.85, 2.485000e+01
9340.85, 2.496000e+01
9344.86, 2.485000e+01
9348.86, 2.453000e+01
9352.87, 2.485000e+01
9356.87, 2.485000e+01
9360.88, 2.475000e+01
9364.87, 2.475000e+01
9368.88, 2.496000e+01
9372.89, 2.485000e+01
9376.89, 2.464000e+01
9380.89, 2.475000e+01
9384.88, 2.496000e+01
9388.90, 2.475000e+01
9392.91, 2.496000e+01
9396.91, 2.496000e+01
9400.91, 2.475000e+01
9404.92, 2.464000e+01
9408.91, 2.485000e+01
9412.92, 2.453000e+01
9416.93, 2.475000e+01
9420.93, 2.475000e+01
9424.94, 2.485000e+01
9428.93, 2.485000e+01
9432.95, 2.475000e+01
9436.94, 2.496000e+01
9440.95, 2.475000e+01
9444.94, 2.485000e+01
9448.94, 2.475000e+01
9452.94, 2.475000e+01
9456.97, 2.485000e+01
9460.95, 2.464000e+01
9464.98, 2.485000e+01
9468.97, 2.485000e+01
9472.98, 2.485000e+01
9476.98, 2.475000e+01
9480.98, 2.443000e+01
9484.98, 2.485000e+01
9488.99, 2.453000e+01
9493.00, 2.464000e+01
9497.01, 2.485000e+01
9501.00, 2.485000e+01
9505.01, 2.485000e+01
9509.01, 2.453000e+01
9513.00, 2.443000e+01
9517.01, 2.485000e+01
9521.02, 2.464000e+01
9525.03, 2.485000e+01
9529.02, 2.443000e+01
9533.03, 2.453000e+01
9537.04, 2.443000e+01
9541.05, 2.485000e+01
9545.05, 2.464000e+01
9549.05, 2.453000e+01
9553.03, 2.496000e+01
9557.05, 2.453000e+01
9561.06, 2.453000e+01
9565.05, 2.475000e+01
9569.06, 2.475000e+01
9573.06, 2.453000e+01
9577.07, 2.464000e+01
9581.08, 2.475000e+01
9585.08, 2.443000e+01
9589.08, 2.485000e+01
9593.09, 2.464000e+01
9597.09, 2.475000e+01
9601.10, 2.475000e+01
9605.10, 2.475000e+01
9609.10, 2.464000e+01
9613.10, 2.464000e+01
9617.11, 2.475000e+01
9621.11, 2.443000e+01
9625.10, 2.464000e+01
9629.12, 2.464000e+01
9633.13, 2.475000e+01
9637.13, 2.453000e+01
9641.13, 2.475000e+01
9645.13, 2.453000e+01
9649.13, 2.464000e+01
9653.14, 2.475000e+01
9657.14, 2.475000e+01
9661.15, 2.443000e+01
9665.16, 2.464000e+01
9669.15, 2.443000e+01
9673.15, 2.464000e+01
9677.16, 2.464000e+01
9681.16, 2.443000e+01
9685.16, 2.453000e+01
9689.17, 2.475000e+01
9693.16, 2.475000e+01
9697.19, 2.464000e+01
9701.18, 2.475000e+01
9705.18, 2.453000e+01
9709.19, 2.475000e+01
9713.19, 2.443000e+01
9717.18, 2.475000e+01
9721.21, 2.443000e+01
9725.20, 2.453000e+01
9729.21, 2.464000e+01
9733.21, 2.453000e+01
9737.20, 2.453000e+01
9741.21, 2.432000e+01
9745.22, 2.443000e+01
9749.22, 2.464000e+01
9753.23, 2.443000e+01
9757.24, 2.443000e+01
9761.25, 2.475000e+01
9765.24, 2.464000e+01
9769.25, 2.464000e+01
9773.26, 2.475000e+01
9777.26, 2.432000e+01
9781.26, 2.443000e+01
9785.26, 2.432000e+01
9789.26, 2.464000e+01
9793.26, 2.443000e+01
9797.26, 2.432000e+01
9801.27, 2.464000e+01
9805.27, 2.432000e+01
9809.27, 2.453000e+01
9813.29, 2.453000e+01
9817.29, 2.453000e+01
9821.29, 2.464000e+01
9825.30, 2.453000e+01
9829.31, 2.464000e+01
9833.31, 2.432000e+01
9837.31, 2.453000e+01
9841.32, 2.432000e+01
9845.31, 2.443000e+01
9849.31, 2.464000e+01
9853.32, 2.443000e+01
9857.33, 2.432000e+01
9861.32, 2.432000e+01
9865.33, 2.464000e+01
9869.35, 2.464000e+01
9873.34, 2.453000e+01
9877.35, 2.453000e+01
9881.34, 2.432000e+01
9885.36, 2.443000e+01
9889.35, 2.422000e+01
9893.35, 2.453000e+01
9897.37, 2.443000e+01
9901.36, 2.443000e+01
9905.38, 2.432000e+01
9909.38, 2.464000e+01
9913.38, 2.453000e+01
9917.37, 2.464000e+01
9921.38, 2.453000e+01
9925.39, 2.453000e+01
9929.39, 2.464000e+01
9933.38, 2.443000e+01
9937.40, 2.453000e+01
9941.41, 2.453000e+01
9945.40, 2.443000e+01
9949.41, 2.443000e+01
9953.42, 2.443000e+01
9957.42, 2.443000e+01
9961.41, 2.443000e+01
9965.42, 2.432000e+01
9969.43, 2.422000e+01
9973.43, 2.443000e+01
9977.43, 2.464000e+01
9981.43, 2.443000e+01
9985.45, 2.453000e+01
9989.45, 2.443000e+01
9993.45, 2.432000e+01
9997.45, 2.443000e+01
10001.45, 2.453000e+01
10005.46, 2.422000e+01
10009.45, 2.453000e+01
10013.48, 2.453000e+01
10017.48, 2.422000e+01
10021.48, 2.453000e+01
10025.49, 2.422000e+01
10029.48, 2.453000e+01
10033.49, 2.453000e+01
10037.48, 2.453000e+01
10041.48, 2.443000e+01
10045.49, 2.453000e+01
10049.50, 2.443000e+01
10053.50, 2.443000e+01
10057.52, 2.453000e+01
10061.51, 2.422000e+01
10065.51, 2.432000e+01
10069.52, 2.422000e+01
10073.52, 2.432000e+01
10077.52, 2.432000e+01
10081.53, 2.443000e+01
10085.54, 2.453000e+01
10089.54, 2.453000e+01
10093.54, 2.422000e+01
10097.54, 2.432000e+01
10101.55, 2.443000e+01
10105.56, 2.453000e+01
10109.55, 2.443000e+01
10113.56, 2.432000e+01
10117.57, 2.443000e+01
10121.56, 2.432000e+01
10125.57, 2.443000e+01
10129.58, 2.422000e+01
10133.59, 2.432000e+01
10137.57, 2.443000e+01
10141.58, 2.432000e+01
10145.58, 2.432000e+01
10149.60, 2.432000e+01
10153.60, 2.411000e+01
10157.60, 2.443000e+01
10161.60, 2.432000e+01
10165.61, 2.432000e+01
10169.61, 2.422000e+01
10173.61, 2.443000e+01
10177.62, 2.453000e+01
10181.61, 2.432000e+01
10185.61, 2.411000e+01
10189.62, 2.453000e+01
10193.64, 2.453000e+01
10197.64, 2.432000e+01
10201.64, 2.443000e+01
10205.63, 2.443000e+01
10209.64, 2.443000e+01
10213.66, 2.432000e+01
10217.65, 2.432000e+01
10221.66, 2.443000e+01
10225.66, 2.453000e+01
10229.67, 2.432000e+01
10233.67, 2.432000e+01
10237.67, 2.432000e+01
10241.68, 2.432000e+01
10245.67, 2.422000e+01
10249.68, 2.411000e+01
10253.69, 2.443000e+01
10257.70, 2.432000e+01
10261.68, 2.432000e+01
10265.70, 2.443000e+01
10269.70, 2.443000e+01
10273.70, 2.411000e+01
10277.71, 2.422000e+01
10281.72, 2.443000e+01
10285.71, 2.432000e+01
10289.72, 2.443000e+01
10293.72, 2.411000e+01
10297.73, 2.432000e+01
10301.73, 2.432000e+01
10305.74, 2.411000e+01
10309.74, 2.422000e+01
10313.75, 2.411000e+01
10317.74, 2.411000e+01
10321.75, 2.411000e+01
10325.75, 2.422000e+01
10329.76, 2.422000e+01
10333.76, 2.443000e+01
10337.76, 2.422000e+01
10341.76, 2.432000e+01
10345.78, 2.432000e+01
10349.77, 2.422000e+01
10353.78, 2.432000e+01
10357.78, 2.432000e+01
10361.77, 2.443000e+01
10365.77, 2.443000e+01
10369.79, 2.432000e+01
10373.80, 2.432000e+01
10377.80, 2.432000e+01
10381.81, 2.422000e+01
10385.81, 2.422000e+01
10389.82, 2.422000e+01
10393.81, 2.422000e+01
10397.82, 2.422000e+01
10401.82, 2.422000e+01
10405.83, 2.411000e+01
10409.84, 2.432000e+01
10413.83, 2.422000e+01
10417.82, 2.422000e+01
10421.84, 2.432000e+01
10425.85, 2.422000e+01
10429.86, 2.422000e+01
10433.85, 2.411000e+01
10437.84, 2.411000e+01
10441.86, 2.422000e+01
10445.87, 2.411000e+01
10449.86, 2.432000e+01
10453.88, 2.422000e+01
10457.88, 2.411000e+01
10461.87, 2.422000e+01
10465.88, 2.432000e+01
10469.88, 2.432000e+01
10473.89, 2.411000e+01
10477.89, 2.411000e+01
10481.89, 2.411000e+01
10485.90, 2.432000e+01
10489.89, 2.443000e+01
10493.91, 2.422000e+01
10497.91, 2.390000e+01
10501.91, 2.422000e+01
10505.91, 2.432000e+01
10509.91, 2.432000e+01
10513.93, 2.432000e+01
10517.94, 2.422000e+01
10521.93, 2.411000e+01
10525.94, 2.422000e+01
10529.94, 2.411000e+01
10533.93, 2.390000e+01
10537.95, 2.390000e+01
10541.93, 2.422000e+01
10545.95, 2.422000e+01
10549.96, 2.411000e+01
10553.97, 2.390000e+01
10557.96, 2.422000e+01
10561.96, 2.422000e+01
10565.98, 2.422000e+01
10569.97, 2.422000e+01
10573.98, 2.422000e+01
10577.99, 2.411000e+01
10582.00, 2.411000e+01
10585.98, 2.411000e+01
10589.99, 2.422000e+01
10594.00, 2.422000e+01
10598.00, 2.411000e+01
10602.00, 2.422000e+01
10606.02, 2.390000e+01
10610.01, 2.411000e+01
10614.01, 2.390000e+01
10618.03, 2.411000e+01
10622.03, 2.422000e+01
10626.03, 2.411000e+01
10630.04, 2.411000e+01
10634.05, 2.411000e+01
10638.04, 2.411000e+01
10642.04, 2.422000e+01
10646.06, 2.411000e+01
10650.05, 2.411000e+01
10654.06, 2.422000e+01
10658.05, 2.411000e+01
10662.06, 2.390000e+01
10666.06, 2.390000e+01
10670.08, 2.390000e+01
10674.07, 2.411000e+01
10678.07, 2.422000e+01
10682.09, 2.422000e+01
10686.08, 2.390000e+01
10690.09, 2.390000e+01
10694.08, 2.422000e+01
10698.10, 2.390000e+01
10702.10, 2.411000e+01
10706.10, 2.411000e+01
10710.11, 2.422000e+01
10714.10, 2.422000e+01
10718.11, 2.411000e+01
10722.10, 2.390000e+01
10726.11, 2.379000e+01
10730.12, 2.379000e+01
10734.11, 2.390000e+01
10738.14, 2.422000e+01
10742.13, 2.422000e+01
10746.15, 2.422000e+01
10750.14, 2.422000e+01
10754.15, 2.422000e+01
10758.16, 2.422000e+01
10762.16, 2.422000e+01
10766.16, 2.422000e+01
10770.15, 2.422000e+01
10774.16, 2.422000e+01
10778.15, 2.422000e+01
10782.17, 2.411000e+01
10786.17, 2.411000e+01
10790.18, 2.379000e+01
10794.18, 2.390000e+01
10798.18, 2.390000e+01
10802.19, 2.390000e+01
10806.18, 2.411000e+01
