0.47, 5.848000e+01
4.68, 7.029000e+01
8.40, 7.741000e+01
12.40, 8.150000e+01
16.41, 8.418000e+01
20.41, 8.574000e+01
24.41, 8.705000e+01
28.41, 8.805000e+01
32.42, 8.738000e+01
36.43, 8.805000e+01
40.43, 8.874000e+01
44.43, 8.839000e+01
48.42, 8.839000e+01
52.44, 8.805000e+01
56.44, 8.874000e+01
60.44, 8.771000e+01
64.44, 8.738000e+01
68.44, 8.771000e+01
72.45, 8.705000e+01
76.46, 8.705000e+01
80.46, 8.639000e+01
84.45, 8.672000e+01
88.48, 8.672000e+01
92.47, 8.607000e+01
96.48, 8.574000e+01
100.47, 8.574000e+01
104.48, 8.574000e+01
108.48, 8.511000e+01
112.50, 8.480000e+01
116.49, 8.543000e+01
120.49, 8.387000e+01
124.49, 8.480000e+01
128.50, 8.449000e+01
132.51, 8.418000e+01
136.52, 8.418000e+01
140.52, 8.387000e+01
144.52, 8.449000e+01
148.53, 8.327000e+01
152.52, 8.267000e+01
156.53, 8.267000e+01
160.53, 8.327000e+01
164.54, 8.297000e+01
168.54, 8.237000e+01
172.55, 8.208000e+01
176.56, 8.179000e+01
180.56, 8.122000e+01
184.56, 8.179000e+01
188.55, 8.122000e+01
192.58, 8.065000e+01
196.56, 8.122000e+01
200.58, 8.093000e+01
204.56, 8.093000e+01
208.57, 8.065000e+01
212.59, 8.037000e+01
216.58, 8.037000e+01
220.58, 8.037000e+01
224.59, 7.927000e+01
228.59, 7.954000e+01
232.60, 7.934000e+01
236.60, 7.927000e+01
240.59, 7.897000e+01
244.60, 7.857000e+01
248.62, 7.820000e+01
252.61, 7.846000e+01
256.62, 7.873000e+01
260.62, 7.846000e+01
264.64, 7.820000e+01
268.63, 7.793000e+01
272.64, 7.741000e+01
276.64, 7.741000e+01
280.64, 7.715000e+01
284.64, 7.715000e+01
288.66, 7.741000e+01
292.65, 7.715000e+01
296.66, 7.715000e+01
300.67, 7.639000e+01
304.66, 7.639000e+01
308.66, 7.588000e+01
312.67, 7.588000e+01
316.69, 7.639000e+01
320.69, 7.564000e+01
324.69, 7.564000e+01
328.69, 7.539000e+01
332.69, 7.588000e+01
336.70, 7.514000e+01
340.69, 7.539000e+01
344.71, 7.465000e+01
348.70, 7.514000e+01
352.71, 7.490000e+01
356.73, 7.465000e+01
360.72, 7.514000e+01
364.73, 7.441000e+01
368.72, 7.370000e+01
372.74, 7.393000e+01
376.74, 7.441000e+01
380.74, 7.370000e+01
384.75, 7.370000e+01
388.75, 7.323000e+01
392.75, 7.346000e+01
396.74, 7.323000e+01
400.75, 7.276000e+01
404.76, 7.323000e+01
408.76, 7.276000e+01
412.77, 7.253000e+01
416.78, 7.276000e+01
420.76, 7.230000e+01
424.78, 7.253000e+01
428.79, 7.230000e+01
432.78, 7.184000e+01
436.79, 7.207000e+01
440.78, 7.207000e+01
444.79, 7.117000e+01
448.80, 7.139000e+01
452.81, 7.139000e+01
456.80, 7.095000e+01
460.82, 7.073000e+01
464.80, 7.095000e+01
468.81, 7.117000e+01
472.82, 7.095000e+01
476.81, 7.095000e+01
480.83, 7.029000e+01
484.84, 7.051000e+01
488.83, 7.007000e+01
492.85, 7.051000e+01
496.85, 7.029000e+01
500.86, 6.985000e+01
504.84, 7.007000e+01
508.85, 6.964000e+01
512.86, 6.942000e+01
516.85, 6.985000e+01
520.86, 6.964000e+01
524.87, 6.879000e+01
528.88, 6.921000e+01
532.88, 6.901000e+01
536.88, 6.879000e+01
540.89, 6.891000e+01
544.89, 6.871000e+01
548.89, 6.858000e+01
552.91, 6.858000e+01
556.90, 6.816000e+01
560.91, 6.837000e+01
564.90, 6.858000e+01
568.92, 6.858000e+01
572.90, 6.837000e+01
576.91, 6.733000e+01
580.92, 6.795000e+01
584.92, 6.774000e+01
588.94, 6.774000e+01
592.94, 6.774000e+01
596.93, 6.774000e+01
600.94, 6.693000e+01
604.96, 6.693000e+01
608.95, 6.693000e+01
612.96, 6.673000e+01
616.96, 6.693000e+01
620.95, 6.693000e+01
624.97, 6.673000e+01
628.95, 6.633000e+01
632.97, 6.673000e+01
636.97, 6.633000e+01
640.97, 6.613000e+01
644.99, 6.633000e+01
648.99, 6.633000e+01
652.99, 6.633000e+01
656.99, 6.593000e+01
660.99, 6.534000e+01
665.00, 6.573000e+01
669.00, 6.515000e+01
673.01, 6.515000e+01
677.01, 6.534000e+01
681.01, 6.515000e+01
685.02, 6.476000e+01
689.02, 6.534000e+01
693.03, 6.457000e+01
697.02, 6.476000e+01
701.03, 6.457000e+01
705.03, 6.438000e+01
709.05, 6.457000e+01
713.04, 6.419000e+01
717.04, 6.419000e+01
721.06, 6.419000e+01
725.06, 6.419000e+01
729.06, 6.419000e+01
733.05, 6.419000e+01
737.07, 6.399000e+01
741.06, 6.381000e+01
745.07, 6.381000e+01
749.08, 6.381000e+01
753.08, 6.362000e+01
757.07, 6.344000e+01
761.09, 6.362000e+01
765.09, 6.362000e+01
769.09, 6.288000e+01
773.10, 6.325000e+01
777.10, 6.344000e+01
781.11, 6.344000e+01
785.11, 6.306000e+01
789.10, 6.251000e+01
793.12, 6.288000e+01
797.12, 6.288000e+01
801.13, 6.270000e+01
805.13, 6.215000e+01
809.13, 6.270000e+01
813.14, 6.270000e+01
817.14, 6.233000e+01
821.14, 6.251000e+01
825.14, 6.215000e+01
829.16, 6.197000e+01
833.14, 6.233000e+01
837.16, 6.197000e+01
841.15, 6.161000e+01
845.16, 6.143000e+01
849.17, 6.143000e+01
853.16, 6.161000e+01
857.17, 6.161000e+01
861.18, 6.143000e+01
865.18, 6.107000e+01
869.20, 6.143000e+01
873.19, 6.090000e+01
877.20, 6.072000e+01
881.19, 6.125000e+01
885.21, 6.125000e+01
889.21, 6.090000e+01
893.20, 6.072000e+01
897.21, 6.072000e+01
901.22, 6.090000e+01
905.22, 6.037000e+01
909.23, 6.037000e+01
913.22, 6.037000e+01
917.23, 6.037000e+01
921.22, 6.037000e+01
925.24, 5.967000e+01
929.24, 5.985000e+01
933.24, 5.985000e+01
937.24, 5.985000e+01
941.24, 6.002000e+01
945.25, 5.967000e+01
949.26, 5.967000e+01
953.26, 5.967000e+01
957.27, 5.916000e+01
961.27, 5.916000e+01
965.27, 5.967000e+01
969.28, 5.933000e+01
973.27, 5.916000e+01
977.29, 5.933000e+01
981.29, 5.950000e+01
985.30, 5.933000e+01
989.29, 5.899000e+01
993.30, 5.899000e+01
997.31, 5.882000e+01
1001.32, 5.865000e+01
1005.30, 5.882000e+01
1009.32, 5.882000e+01
1013.32, 5.832000e+01
1017.31, 5.848000e+01
1021.33, 5.848000e+01
1025.32, 5.832000e+01
1029.33, 5.798000e+01
1033.34, 5.848000e+01
1037.34, 5.798000e+01
1041.36, 5.765000e+01
1045.35, 5.798000e+01
1049.36, 5.782000e+01
1053.35, 5.798000e+01
1057.36, 5.782000e+01
1061.37, 5.765000e+01
1065.35, 5.732000e+01
1069.37, 5.716000e+01
1073.38, 5.749000e+01
1077.38, 5.782000e+01
1081.38, 5.732000e+01
1085.39, 5.749000e+01
1089.39, 5.683000e+01
1093.38, 5.749000e+01
1097.40, 5.749000e+01
1101.41, 5.683000e+01
1105.40, 5.667000e+01
1109.40, 5.683000e+01
1113.40, 5.683000e+01
1117.40, 5.683000e+01
1121.41, 5.651000e+01
1125.43, 5.635000e+01
1129.42, 5.683000e+01
1133.42, 5.651000e+01
1137.43, 5.603000e+01
1141.43, 5.603000e+01
1145.43, 5.635000e+01
1149.44, 5.603000e+01
1153.45, 5.603000e+01
1157.46, 5.603000e+01
1161.46, 5.587000e+01
1165.47, 5.571000e+01
1169.46, 5.555000e+01
1173.48, 5.587000e+01
1177.47, 5.571000e+01
1181.46, 5.587000e+01
1185.48, 5.571000e+01
1189.48, 5.571000e+01
1193.49, 5.571000e+01
1197.49, 5.555000e+01
1201.49, 5.524000e+01
1205.49, 5.539000e+01
1209.50, 5.539000e+01
1213.50, 5.539000e+01
1217.51, 5.539000e+01
1221.51, 5.508000e+01
1225.51, 5.461000e+01
1229.52, 5.524000e+01
1233.51, 5.492000e+01
1237.51, 5.492000e+01
1241.52, 5.492000e+01
1245.54, 5.492000e+01
1249.54, 5.477000e+01
1253.54, 5.446000e+01
1257.54, 5.477000e+01
1261.55, 5.446000e+01
1265.56, 5.461000e+01
1269.56, 5.446000e+01
1273.57, 5.415000e+01
1277.56, 5.415000e+01
1281.56, 5.415000e+01
1285.58, 5.399000e+01
1289.57, 5.430000e+01
1293.57, 5.430000e+01
1297.58, 5.415000e+01
1301.58, 5.384000e+01
1305.59, 5.384000e+01
1309.59, 5.384000e+01
1313.61, 5.384000e+01
1317.60, 5.384000e+01
1321.60, 5.354000e+01
1325.60, 5.354000e+01
1329.61, 5.369000e+01
1333.60, 5.369000e+01
1337.62, 5.323000e+01
1341.62, 5.323000e+01
1345.63, 5.354000e+01
1349.62, 5.323000e+01
1353.63, 5.323000e+01
1357.63, 5.338000e+01
1361.63, 5.308000e+01
1365.64, 5.323000e+01
1369.64, 5.308000e+01
1373.65, 5.278000e+01
1377.65, 5.278000e+01
1381.65, 5.278000e+01
1385.66, 5.308000e+01
1389.66, 5.293000e+01
1393.67, 5.293000e+01
1397.67, 5.248000e+01
1401.67, 5.263000e+01
1405.69, 5.293000e+01
1409.69, 5.263000e+01
1413.69, 5.248000e+01
1417.68, 5.278000e+01
1421.70, 5.233000e+01
1425.71, 5.248000e+01
1429.70, 5.248000e+01
1433.70, 5.218000e+01
1437.72, 5.189000e+01
1441.70, 5.218000e+01
1445.72, 5.204000e+01
1449.72, 5.204000e+01
1453.73, 5.233000e+01
1457.73, 5.174000e+01
1461.73, 5.204000e+01
1465.74, 5.189000e+01
1469.74, 5.189000e+01
1473.75, 5.204000e+01
1477.74, 5.174000e+01
1481.74, 5.159000e+01
1485.74, 5.174000e+01
1489.77, 5.145000e+01
1493.76, 5.174000e+01
1497.76, 5.145000e+01
1501.78, 5.145000e+01
1505.77, 5.145000e+01
1509.77, 5.174000e+01
1513.78, 5.130000e+01
1517.79, 5.101000e+01
1521.79, 5.130000e+01
1525.79, 5.101000e+01
1529.80, 5.130000e+01
1533.80, 5.087000e+01
1537.81, 5.101000e+01
1541.80, 5.101000e+01
1545.81, 5.087000e+01
1549.80, 5.101000e+01
1553.83, 5.072000e+01
1557.82, 5.058000e+01
1561.83, 5.043000e+01
1565.83, 5.087000e+01
1569.83, 5.058000e+01
1573.84, 5.029000e+01
1577.83, 5.072000e+01
1581.85, 5.087000e+01
1585.85, 5.058000e+01
1589.84, 5.015000e+01
1593.85, 5.058000e+01
1597.86, 5.043000e+01
1601.87, 5.029000e+01
1605.86, 5.043000e+01
1609.86, 5.015000e+01
1613.87, 5.015000e+01
1617.87, 4.986000e+01
1621.87, 5.029000e+01
1625.88, 5.015000e+01
1629.88, 5.015000e+01
1633.89, 5.015000e+01
1637.91, 4.944000e+01
1641.90, 4.944000e+01
1645.91, 4.944000e+01
1649.92, 4.986000e+01
1653.92, 4.986000e+01
1657.92, 4.986000e+01
1661.93, 4.958000e+01
1665.93, 4.958000e+01
1669.92, 4.958000e+01
1673.93, 4.944000e+01
1677.92, 4.972000e+01
1681.93, 4.930000e+01
1685.93, 4.902000e+01
1689.94, 4.916000e+01
1693.94, 4.916000e+01
1697.95, 4.888000e+01
1701.94, 4.930000e+01
1705.95, 4.916000e+01
1709.96, 4.902000e+01
1713.96, 4.930000e+01
1717.97, 4.916000e+01
1721.97, 4.916000e+01
1725.98, 4.874000e+01
1729.99, 4.888000e+01
1733.98, 4.874000e+01
1737.99, 4.888000e+01
1742.00, 4.888000e+01
1746.00, 4.860000e+01
1750.01, 4.874000e+01
1754.01, 4.860000e+01
1758.01, 4.846000e+01
1762.00, 4.860000e+01
1766.02, 4.832000e+01
1770.02, 4.818000e+01
1774.01, 4.846000e+01
1778.04, 4.818000e+01
1782.03, 4.818000e+01
1786.03, 4.804000e+01
1790.04, 4.832000e+01
1794.04, 4.832000e+01
1798.04, 4.832000e+01
1802.05, 4.832000e+01
1806.05, 4.818000e+01
1810.05, 4.818000e+01
1814.06, 4.804000e+01
1818.06, 4.791000e+01
1822.06, 4.791000e+01
1826.05, 4.791000e+01
1830.08, 4.804000e+01
1834.09, 4.791000e+01
1838.08, 4.791000e+01
1842.09, 4.804000e+01
1846.08, 4.763000e+01
1850.08, 4.777000e+01
1854.10, 4.750000e+01
1858.09, 4.777000e+01
1862.09, 4.763000e+01
1866.11, 4.736000e+01
1870.11, 4.736000e+01
1874.12, 4.736000e+01
1878.11, 4.736000e+01
1882.12, 4.736000e+01
1886.12, 4.736000e+01
1890.14, 4.736000e+01
1894.14, 4.722000e+01
1898.14, 4.722000e+01
1902.14, 4.736000e+01
1906.13, 4.722000e+01
1910.14, 4.722000e+01
1914.14, 4.682000e+01
1918.17, 4.709000e+01
1922.15, 4.695000e+01
1926.16, 4.682000e+01
1930.17, 4.709000e+01
1934.18, 4.641000e+01
1938.17, 4.695000e+01
1942.18, 4.682000e+01
1946.18, 4.668000e+01
1950.18, 4.682000e+01
1954.19, 4.682000e+01
1958.20, 4.682000e+01
1962.19, 4.641000e+01
1966.20, 4.655000e+01
1970.21, 4.668000e+01
1974.22, 4.655000e+01
1978.21, 4.641000e+01
1982.21, 4.655000e+01
1986.22, 4.655000e+01
1990.21, 4.628000e+01
1994.22, 4.641000e+01
1998.23, 4.641000e+01
2002.24, 4.628000e+01
2006.24, 4.601000e+01
2010.23, 4.628000e+01
2014.24, 4.588000e+01
2018.25, 4.588000e+01
2022.26, 4.615000e+01
2026.26, 4.628000e+01
2030.26, 4.575000e+01
2034.26, 4.588000e+01
2038.27, 4.601000e+01
2042.27, 4.561000e+01
2046.27, 4.588000e+01
2050.29, 4.575000e+01
2054.28, 4.601000e+01
2058.27, 4.575000e+01
2062.28, 4.575000e+01
2066.30, 4.548000e+01
2070.29, 4.535000e+01
2074.30, 4.522000e+01
2078.31, 4.561000e+01
2082.31, 4.561000e+01
2086.32, 4.535000e+01
2090.30, 4.561000e+01
2094.31, 4.522000e+01
2098.33, 4.548000e+01
2102.33, 4.561000e+01
2106.33, 4.535000e+01
2110.32, 4.509000e+01
2114.33, 4.535000e+01
2118.34, 4.496000e+01
2122.34, 4.522000e+01
2126.34, 4.509000e+01
2130.36, 4.496000e+01
2134.35, 4.509000e+01
2138.35, 4.496000e+01
2142.36, 4.496000e+01
2146.37, 4.509000e+01
2150.37, 4.483000e+01
2154.37, 4.496000e+01
2158.38, 4.483000e+01
2162.39, 4.496000e+01
2166.38, 4.469000e+01
2170.38, 4.496000e+01
2174.38, 4.456000e+01
2178.41, 4.469000e+01
2182.40, 4.469000e+01
2186.40, 4.469000e+01
2190.41, 4.456000e+01
2194.41, 4.456000e+01
2198.41, 4.483000e+01
2202.42, 4.443000e+01
2206.42, 4.418000e+01
2210.43, 4.469000e+01
2214.43, 4.443000e+01
2218.43, 4.430000e+01
2222.44, 4.418000e+01
2226.44, 4.443000e+01
2230.45, 4.418000e+01
2234.45, 4.418000e+01
2238.45, 4.430000e+01
2242.46, 4.405000e+01
2246.47, 4.418000e+01
2250.45, 4.392000e+01
2254.46, 4.418000e+01
2258.46, 4.418000e+01
2262.46, 4.392000e+01
2266.47, 4.418000e+01
2270.48, 4.392000e+01
2274.49, 4.392000e+01
2278.50, 4.392000e+01
2282.49, 4.392000e+01
2286.50, 4.405000e+01
2290.50, 4.379000e+01
2294.50, 4.392000e+01
2298.50, 4.366000e+01
2302.51, 4.366000e+01
2306.52, 4.366000e+01
2310.51, 4.366000e+01
2314.52, 4.353000e+01
2318.53, 4.353000e+01
2322.52, 4.353000e+01
2326.53, 4.328000e+01
2330.54, 4.353000e+01
2334.55, 4.353000e+01
2338.55, 4.328000e+01
2342.55, 4.340000e+01
2346.56, 4.340000e+01
2350.55, 4.340000e+01
2354.56, 4.340000e+01
2358.57, 4.315000e+01
2362.58, 4.353000e+01
2366.57, 4.340000e+01
2370.58, 4.328000e+01
2374.57, 4.315000e+01
2378.59, 4.315000e+01
2382.57, 4.328000e+01
2386.60, 4.315000e+01
2390.58, 4.315000e+01
2394.59, 4.302000e+01
2398.60, 4.302000e+01
2402.61, 4.302000e+01
2406.60, 4.302000e+01
2410.60, 4.277000e+01
2414.62, 4.277000e+01
2418.61, 4.289000e+01
2422.61, 4.251000e+01
2426.63, 4.264000e+01
2430.64, 4.289000e+01
2434.64, 4.277000e+01
2438.64, 4.264000e+01
2442.65, 4.264000e+01
2446.66, 4.251000e+01
2450.65, 4.239000e+01
2454.64, 4.251000e+01
2458.66, 4.264000e+01
2462.67, 4.239000e+01
2466.66, 4.264000e+01
2470.67, 4.239000e+01
2474.66, 4.251000e+01
2478.67, 4.214000e+01
2482.68, 4.251000e+01
2486.68, 4.239000e+01
2490.68, 4.251000e+01
2494.69, 4.251000e+01
2498.69, 4.214000e+01
2502.70, 4.226000e+01
2506.71, 4.226000e+01
2510.71, 4.226000e+01
2514.71, 4.226000e+01
2518.71, 4.176000e+01
2522.71, 4.226000e+01
2526.72, 4.164000e+01
2530.72, 4.201000e+01
2534.72, 4.164000e+01
2538.73, 4.164000e+01
2542.74, 4.176000e+01
2546.74, 4.189000e+01
2550.74, 4.151000e+01
2554.75, 4.164000e+01
2558.75, 4.164000e+01
2562.76, 4.164000e+01
2566.75, 4.176000e+01
2570.76, 4.151000e+01
2574.77, 4.176000e+01
2578.78, 4.151000e+01
2582.77, 4.176000e+01
2586.77, 4.164000e+01
2590.77, 4.139000e+01
2594.79, 4.139000e+01
2598.79, 4.176000e+01
2602.77, 4.151000e+01
2606.79, 4.126000e+01
2610.78, 4.139000e+01
2614.79, 4.139000e+01
2618.81, 4.151000e+01
2622.80, 4.126000e+01
2626.81, 4.151000e+01
2630.80, 4.126000e+01
2634.82, 4.102000e+01
2638.83, 4.102000e+01
2642.82, 4.151000e+01
2646.82, 4.126000e+01
2650.84, 4.114000e+01
2654.84, 4.126000e+01
2658.84, 4.089000e+01
2662.84, 4.114000e+01
2666.85, 4.089000e+01
2670.84, 4.102000e+01
2674.84, 4.102000e+01
2678.87, 4.102000e+01
2682.87, 4.089000e+01
2686.86, 4.065000e+01
2690.85, 4.065000e+01
2694.88, 4.102000e+01
2698.88, 4.077000e+01
2702.89, 4.089000e+01
2706.87, 4.089000e+01
2710.89, 4.077000e+01
2714.90, 4.077000e+01
2718.90, 4.065000e+01
2722.91, 4.077000e+01
2726.90, 4.065000e+01
2730.91, 4.077000e+01
2734.90, 4.077000e+01
2738.91, 4.065000e+01
2742.92, 4.065000e+01
2746.92, 4.052000e+01
2750.91, 4.052000e+01
2754.92, 4.052000e+01
2758.92, 4.052000e+01
2762.94, 4.040000e+01
2766.94, 4.040000e+01
2770.95, 4.040000e+01
2774.94, 4.052000e+01
2778.96, 4.016000e+01
2782.95, 4.040000e+01
2786.96, 4.028000e+01
2790.96, 3.991000e+01
2794.97, 4.003000e+01
2798.97, 4.040000e+01
2802.98, 4.016000e+01
2806.98, 4.028000e+01
2810.98, 3.991000e+01
2814.99, 4.016000e+01
2818.98, 4.016000e+01
2822.99, 3.991000e+01
2826.99, 4.016000e+01
2831.01, 3.991000e+01
2835.00, 3.991000e+01
2839.00, 3.991000e+01
2843.01, 3.991000e+01
2847.02, 3.991000e+01
2851.02, 3.979000e+01
2855.02, 3.979000e+01
2859.03, 3.967000e+01
2863.02, 3.991000e+01
2867.03, 3.967000e+01
2871.03, 3.967000e+01
2875.05, 3.979000e+01
2879.03, 3.979000e+01
2883.05, 3.979000e+01
2887.05, 3.979000e+01
2891.06, 3.967000e+01
2895.05, 3.955000e+01
2899.07, 3.979000e+01
2903.06, 3.955000e+01
2907.06, 3.931000e+01
2911.07, 3.943000e+01
2915.08, 3.955000e+01
2919.08, 3.943000e+01
2923.09, 3.943000e+01
2927.09, 3.943000e+01
2931.09, 3.955000e+01
2935.09, 3.955000e+01
2939.09, 3.931000e+01
2943.10, 3.943000e+01
2947.10, 3.919000e+01
2951.12, 3.931000e+01
2955.11, 3.907000e+01
2959.12, 3.919000e+01
2963.13, 3.931000e+01
2967.12, 3.931000e+01
2971.13, 3.931000e+01
2975.13, 3.907000e+01
2979.13, 3.907000e+01
2983.15, 3.907000e+01
2987.14, 3.907000e+01
2991.15, 3.919000e+01
2995.14, 3.895000e+01
2999.15, 3.907000e+01
3003.14, 3.895000e+01
3007.16, 3.883000e+01
3011.15, 3.883000e+01
3015.17, 3.871000e+01
3019.17, 3.895000e+01
3023.16, 3.871000e+01
3027.19, 3.895000e+01
3031.18, 3.883000e+01
3035.19, 3.883000e+01
3039.18, 3.859000e+01
3043.20, 3.871000e+01
3047.20, 3.847000e+01
3051.19, 3.847000e+01
3055.21, 3.883000e+01
3059.20, 3.883000e+01
3063.23, 3.883000e+01
3067.22, 3.859000e+01
3071.21, 3.871000e+01
3075.22, 3.859000e+01
3079.22, 3.835000e+01
3083.24, 3.847000e+01
3087.24, 3.835000e+01
3091.23, 3.835000e+01
3095.24, 3.847000e+01
3099.25, 3.859000e+01
3103.25, 3.823000e+01
3107.25, 3.823000e+01
3111.25, 3.811000e+01
3115.26, 3.847000e+01
3119.25, 3.823000e+01
3123.27, 3.823000e+01
3127.28, 3.835000e+01
3131.28, 3.823000e+01
3135.29, 3.811000e+01
3139.28, 3.835000e+01
3143.29, 3.835000e+01
3147.29, 3.799000e+01
3151.30, 3.799000e+01
3155.31, 3.799000e+01
3159.31, 3.799000e+01
3163.30, 3.811000e+01
3167.31, 3.811000e+01
3171.31, 3.823000e+01
3175.32, 3.787000e+01
3179.32, 3.787000e+01
3183.33, 3.799000e+01
3187.32, 3.787000e+01
3191.34, 3.811000e+01
3195.33, 3.811000e+01
3199.35, 3.775000e+01
3203.35, 3.763000e+01
3207.34, 3.787000e+01
3211.35, 3.799000e+01
3215.35, 3.787000e+01
3219.35, 3.752000e+01
3223.36, 3.775000e+01
3227.38, 3.775000e+01
3231.36, 3.752000e+01
3235.38, 3.763000e+01
3239.37, 3.787000e+01
3243.38, 3.763000e+01
3247.38, 3.763000e+01
3251.39, 3.752000e+01
3255.38, 3.775000e+01
3259.39, 3.752000e+01
3263.39, 3.763000e+01
3267.40, 3.740000e+01
3271.41, 3.763000e+01
3275.42, 3.740000e+01
3279.42, 3.752000e+01
3283.41, 3.763000e+01
3287.41, 3.728000e+01
3291.41, 3.763000e+01
3295.43, 3.752000e+01
3299.43, 3.740000e+01
3303.43, 3.716000e+01
3307.44, 3.716000e+01
3311.44, 3.716000e+01
3315.44, 3.716000e+01
3319.45, 3.740000e+01
3323.46, 3.704000e+01
3327.45, 3.716000e+01
3331.47, 3.728000e+01
3335.46, 3.728000e+01
3339.47, 3.728000e+01
3343.48, 3.728000e+01
3347.47, 3.716000e+01
3351.47, 3.693000e+01
3355.49, 3.716000e+01
3359.48, 3.693000e+01
3363.50, 3.728000e+01
3367.50, 3.681000e+01
3371.49, 3.716000e+01
3375.50, 3.681000e+01
3379.50, 3.716000e+01
3383.51, 3.716000e+01
3387.50, 3.669000e+01
3391.51, 3.704000e+01
3395.53, 3.669000e+01
3399.53, 3.693000e+01
3403.52, 3.693000e+01
3407.52, 3.658000e+01
3411.52, 3.658000e+01
3415.54, 3.681000e+01
3419.53, 3.693000e+01
3423.55, 3.681000e+01
3427.54, 3.669000e+01
3431.55, 3.669000e+01
3435.56, 3.669000e+01
3439.57, 3.681000e+01
3443.55, 3.669000e+01
3447.58, 3.669000e+01
3451.56, 3.681000e+01
3455.58, 3.669000e+01
3459.57, 3.658000e+01
3463.57, 3.658000e+01
3467.58, 3.681000e+01
3471.60, 3.646000e+01
3475.59, 3.646000e+01
3479.59, 3.646000e+01
3483.59, 3.646000e+01
3487.61, 3.646000e+01
3491.60, 3.646000e+01
3495.61, 3.634000e+01
3499.61, 3.658000e+01
3503.61, 3.634000e+01
3507.62, 3.646000e+01
3511.62, 3.623000e+01
3515.62, 3.634000e+01
3519.63, 3.634000e+01
3523.65, 3.646000e+01
3527.64, 3.611000e+01
3531.65, 3.599000e+01
3535.66, 3.611000e+01
3539.65, 3.623000e+01
3543.65, 3.634000e+01
3547.67, 3.599000e+01
3551.67, 3.623000e+01
3555.67, 3.634000e+01
3559.66, 3.611000e+01
3563.69, 3.611000e+01
3567.69, 3.623000e+01
3571.69, 3.623000e+01
3575.69, 3.611000e+01
3579.68, 3.623000e+01
3583.69, 3.623000e+01
3587.68, 3.611000e+01
3591.70, 3.599000e+01
3595.71, 3.576000e+01
3599.70, 3.611000e+01
3603.72, 3.576000e+01
3607.71, 3.623000e+01
3611.71, 3.611000e+01
3615.72, 3.611000e+01
3619.73, 3.588000e+01
3623.73, 3.576000e+01
3627.73, 3.599000e+01
3631.74, 3.588000e+01
3635.74, 3.565000e+01
3639.75, 3.576000e+01
3643.75, 3.588000e+01
3647.75, 3.565000e+01
3651.75, 3.576000e+01
3655.74, 3.553000e+01
3659.76, 3.576000e+01
3663.77, 3.576000e+01
3667.78, 3.576000e+01
3671.77, 3.576000e+01
3675.78, 3.553000e+01
3679.78, 3.565000e+01
3683.78, 3.576000e+01
3687.78, 3.565000e+01
3691.79, 3.542000e+01
3695.80, 3.576000e+01
3699.80, 3.576000e+01
3703.81, 3.553000e+01
3707.81, 3.565000e+01
3711.80, 3.553000e+01
3715.81, 3.565000e+01
3719.81, 3.530000e+01
3723.83, 3.553000e+01
3727.81, 3.565000e+01
3731.82, 3.565000e+01
3735.82, 3.542000e+01
3739.85, 3.542000e+01
3743.83, 3.542000e+01
3747.84, 3.519000e+01
3751.85, 3.519000e+01
3755.84, 3.519000e+01
3759.86, 3.519000e+01
3763.86, 3.542000e+01
3767.87, 3.530000e+01
3771.86, 3.542000e+01
3775.86, 3.530000e+01
3779.87, 3.542000e+01
3783.86, 3.519000e+01
3787.89, 3.530000e+01
3791.90, 3.507000e+01
3795.89, 3.519000e+01
3799.90, 3.530000e+01
3803.90, 3.484000e+01
3807.90, 3.496000e+01
3811.90, 3.542000e+01
3815.91, 3.507000e+01
3819.91, 3.507000e+01
3823.90, 3.484000e+01
3827.92, 3.507000e+01
3831.91, 3.484000e+01
3835.93, 3.507000e+01
3839.93, 3.507000e+01
3843.93, 3.484000e+01
3847.93, 3.507000e+01
3851.93, 3.496000e+01
3855.94, 3.496000e+01
3859.95, 3.507000e+01
3863.94, 3.473000e+01
3867.96, 3.507000e+01
3871.96, 3.496000e+01
3875.96, 3.496000e+01
3879.97, 3.484000e+01
3883.97, 3.496000e+01
3887.98, 3.473000e+01
3891.98, 3.461000e+01
3895.99, 3.484000e+01
3899.99, 3.484000e+01
3903.99, 3.461000e+01
3908.00, 3.473000e+01
3911.99, 3.473000e+01
3915.99, 3.484000e+01
3920.01, 3.484000e+01
3924.01, 3.461000e+01
3928.02, 3.438000e+01
3932.02, 3.438000e+01
3936.02, 3.461000e+01
3940.03, 3.450000e+01
3944.02, 3.461000e+01
3948.02, 3.461000e+01
3952.03, 3.473000e+01
3956.04, 3.438000e+01
3960.03, 3.438000e+01
3964.05, 3.450000e+01
3968.04, 3.461000e+01
3972.05, 3.450000e+01
3976.04, 3.461000e+01
3980.05, 3.461000e+01
3984.06, 3.461000e+01
3988.07, 3.450000e+01
3992.07, 3.450000e+01
3996.08, 3.450000e+01
4000.06, 3.427000e+01
4004.08, 3.461000e+01
4008.09, 3.416000e+01
4012.09, 3.438000e+01
4016.09, 3.450000e+01
4020.09, 3.427000e+01
4024.08, 3.416000e+01
4028.11, 3.438000e+01
4032.09, 3.438000e+01
4036.10, 3.427000e+01
4040.12, 3.438000e+01
4044.11, 3.438000e+01
4048.11, 3.438000e+01
4052.12, 3.427000e+01
4056.13, 3.427000e+01
4060.14, 3.427000e+01
4064.13, 3.404000e+01
4068.13, 3.393000e+01
4072.13, 3.438000e+01
4076.15, 3.427000e+01
4080.14, 3.427000e+01
4084.15, 3.416000e+01
4088.17, 3.393000e+01
4092.15, 3.427000e+01
4096.17, 3.393000e+01
4100.16, 3.393000e+01
4104.17, 3.393000e+01
4108.18, 3.404000e+01
4112.17, 3.404000e+01
4116.19, 3.393000e+01
4120.19, 3.393000e+01
4124.20, 3.404000e+01
4128.20, 3.404000e+01
4132.20, 3.393000e+01
4136.19, 3.404000e+01
4140.20, 3.382000e+01
4144.21, 3.404000e+01
4148.21, 3.393000e+01
4152.22, 3.404000e+01
4156.21, 3.404000e+01
4160.23, 3.382000e+01
4164.23, 3.359000e+01
4168.23, 3.393000e+01
4172.24, 3.370000e+01
4176.24, 3.370000e+01
4180.25, 3.393000e+01
4184.25, 3.348000e+01
4188.24, 3.382000e+01
4192.25, 3.393000e+01
4196.26, 3.359000e+01
4200.26, 3.393000e+01
4204.27, 3.359000e+01
4208.26, 3.370000e+01
4212.28, 3.382000e+01
4216.28, 3.359000e+01
4220.29, 3.370000e+01
4224.28, 3.382000e+01
4228.28, 3.370000e+01
4232.30, 3.336000e+01
4236.30, 3.348000e+01
4240.29, 3.336000e+01
4244.30, 3.348000e+01
4248.31, 3.348000e+01
4252.30, 3.348000e+01
4256.31, 3.336000e+01
4260.32, 3.359000e+01
4264.31, 3.336000e+01
4268.32, 3.348000e+01
4272.32, 3.314000e+01
4276.33, 3.348000e+01
4280.33, 3.325000e+01
4284.34, 3.325000e+01
4288.35, 3.359000e+01
4292.34, 3.325000e+01
4296.35, 3.348000e+01
4300.36, 3.314000e+01
4304.36, 3.314000e+01
4308.36, 3.336000e+01
4312.37, 3.314000e+01
4316.37, 3.325000e+01
4320.36, 3.325000e+01
4324.38, 3.314000e+01
4328.38, 3.314000e+01
4332.38, 3.325000e+01
4336.40, 3.325000e+01
4340.39, 3.314000e+01
4344.39, 3.303000e+01
4348.40, 3.325000e+01
4352.41, 3.336000e+01
4356.40, 3.325000e+01
4360.41, 3.291000e+01
4364.42, 3.303000e+01
4368.41, 3.291000e+01
4372.42, 3.314000e+01
4376.42, 3.314000e+01
4380.43, 3.291000e+01
4384.43, 3.303000e+01
4388.43, 3.325000e+01
4392.44, 3.314000e+01
4396.43, 3.325000e+01
4400.44, 3.303000e+01
4404.44, 3.291000e+01
4408.46, 3.291000e+01
4412.44, 3.280000e+01
4416.46, 3.303000e+01
4420.46, 3.303000e+01
4424.48, 3.291000e+01
4428.48, 3.269000e+01
4432.48, 3.280000e+01
4436.46, 3.280000e+01
4440.49, 3.291000e+01
4444.48, 3.303000e+01
4448.48, 3.258000e+01
4452.51, 3.291000e+01
4456.49, 3.291000e+01
4460.50, 3.280000e+01
4464.51, 3.280000e+01
4468.50, 3.269000e+01
4472.51, 3.269000e+01
4476.52, 3.291000e+01
4480.51, 3.269000e+01
4484.53, 3.291000e+01
4488.53, 3.280000e+01
4492.53, 3.246000e+01
4496.54, 3.269000e+01
4500.52, 3.280000e+01
4504.53, 3.291000e+01
4508.54, 3.246000e+01
4512.54, 3.246000e+01
4516.54, 3.280000e+01
4520.54, 3.258000e+01
4524.55, 3.258000e+01
4528.56, 3.235000e+01
4532.57, 3.235000e+01
4536.57, 3.269000e+01
4540.58, 3.280000e+01
4544.59, 3.235000e+01
4548.58, 3.269000e+01
4552.59, 3.258000e+01
4556.58, 3.269000e+01
4560.60, 3.246000e+01
4564.61, 3.235000e+01
4568.61, 3.246000e+01
4572.61, 3.246000e+01
4576.60, 3.246000e+01
4580.61, 3.258000e+01
4584.62, 3.235000e+01
4588.62, 3.235000e+01
4592.62, 3.269000e+01
4596.62, 3.235000e+01
4600.63, 3.246000e+01
4604.63, 3.235000e+01
4608.64, 3.235000e+01
4612.64, 3.213000e+01
4616.65, 3.258000e+01
4620.65, 3.235000e+01
4624.65, 3.246000e+01
4628.66, 3.202000e+01
4632.65, 3.246000e+01
4636.66, 3.246000e+01
4640.67, 3.224000e+01
4644.67, 3.235000e+01
4648.68, 3.224000e+01
4652.68, 3.224000e+01
4656.67, 3.235000e+01
4660.68, 3.224000e+01
4664.68, 3.235000e+01
4668.69, 3.213000e+01
4672.70, 3.202000e+01
4676.69, 3.213000e+01
4680.70, 3.202000e+01
4684.71, 3.213000e+01
4688.72, 3.224000e+01
4692.73, 3.202000e+01
4696.72, 3.191000e+01
4700.72, 3.213000e+01
4704.73, 3.202000e+01
4708.73, 3.202000e+01
4712.74, 3.191000e+01
4716.72, 3.202000e+01
4720.75, 3.202000e+01
4724.75, 3.213000e+01
4728.74, 3.224000e+01
4732.76, 3.191000e+01
4736.77, 3.202000e+01
4740.76, 3.213000e+01
4744.77, 3.202000e+01
4748.76, 3.202000e+01
4752.76, 3.202000e+01
4756.79, 3.179000e+01
4760.78, 3.213000e+01
4764.78, 3.168000e+01
4768.78, 3.168000e+01
4772.79, 3.191000e+01
4776.80, 3.179000e+01
4780.80, 3.191000e+01
4784.81, 3.202000e+01
4788.79, 3.202000e+01
4792.82, 3.179000e+01
4796.81, 3.191000e+01
4800.82, 3.202000e+01
4804.82, 3.168000e+01
4808.83, 3.191000e+01
4812.83, 3.191000e+01
4816.83, 3.179000e+01
4820.82, 3.146000e+01
4824.84, 3.179000e+01
4828.85, 3.191000e+01
4832.83, 3.191000e+01
4836.86, 3.179000e+01
4840.85, 3.179000e+01
4844.85, 3.157000e+01
4848.86, 3.179000e+01
4852.87, 3.168000e+01
4856.87, 3.179000e+01
4860.88, 3.146000e+01
4864.86, 3.168000e+01
4868.88, 3.135000e+01
4872.89, 3.157000e+01
4876.88, 3.179000e+01
4880.89, 3.135000e+01
4884.89, 3.179000e+01
4888.90, 3.146000e+01
4892.91, 3.168000e+01
4896.90, 3.168000e+01
4900.90, 3.135000e+01
4904.91, 3.157000e+01
4908.91, 3.146000e+01
4912.90, 3.168000e+01
4916.92, 3.168000e+01
4920.94, 3.157000e+01
4924.93, 3.124000e+01
4928.93, 3.146000e+01
4932.94, 3.135000e+01
4936.95, 3.157000e+01
4940.95, 3.135000e+01
4944.94, 3.146000e+01
4948.96, 3.168000e+01
4952.96, 3.157000e+01
4956.97, 3.124000e+01
4960.97, 3.135000e+01
4964.97, 3.146000e+01
4968.97, 3.124000e+01
4972.98, 3.146000e+01
4976.97, 3.146000e+01
4980.97, 3.157000e+01
4984.99, 3.146000e+01
4988.99, 3.102000e+01
4992.99, 3.124000e+01
4996.99, 3.146000e+01
5001.01, 3.135000e+01
5005.01, 3.135000e+01
5009.02, 3.146000e+01
5013.02, 3.135000e+01
5017.02, 3.135000e+01
5021.03, 3.124000e+01
5025.03, 3.113000e+01
5029.03, 3.124000e+01
5033.04, 3.124000e+01
5037.04, 3.102000e+01
5041.05, 3.091000e+01
5045.05, 3.135000e+01
5049.04, 3.135000e+01
5053.05, 3.135000e+01
5057.05, 3.124000e+01
5061.06, 3.102000e+01
5065.05, 3.124000e+01
5069.06, 3.091000e+01
5073.07, 3.102000e+01
5077.07, 3.113000e+01
5081.07, 3.124000e+01
5085.07, 3.113000e+01
5089.08, 3.124000e+01
5093.08, 3.113000e+01
5097.10, 3.124000e+01
5101.10, 3.102000e+01
5105.11, 3.102000e+01
5109.10, 3.091000e+01
5113.10, 3.102000e+01
5117.11, 3.124000e+01
5121.12, 3.102000e+01
5125.11, 3.091000e+01
5129.12, 3.113000e+01
5133.12, 3.102000e+01
5137.14, 3.091000e+01
5141.14, 3.102000e+01
5145.14, 3.102000e+01
5149.13, 3.113000e+01
5153.14, 3.102000e+01
5157.14, 3.069000e+01
5161.15, 3.102000e+01
5165.16, 3.069000e+01
5169.16, 3.080000e+01
5173.16, 3.080000e+01
5177.16, 3.102000e+01
5181.16, 3.102000e+01
5185.17, 3.091000e+01
5189.18, 3.102000e+01
5193.17, 3.102000e+01
5197.19, 3.091000e+01
5201.18, 3.080000e+01
5205.19, 3.080000e+01
5209.19, 3.091000e+01
5213.21, 3.080000e+01
5217.21, 3.058000e+01
5221.22, 3.069000e+01
5225.21, 3.080000e+01
5229.20, 3.058000e+01
5233.22, 3.091000e+01
5237.22, 3.069000e+01
5241.22, 3.080000e+01
5245.23, 3.047000e+01
5249.23, 3.069000e+01
5253.23, 3.069000e+01
5257.24, 3.058000e+01
5261.25, 3.080000e+01
5265.24, 3.069000e+01
5269.25, 3.036000e+01
5273.26, 3.069000e+01
5277.26, 3.047000e+01
5281.26, 3.080000e+01
5285.26, 3.080000e+01
5289.27, 3.058000e+01
5293.27, 3.036000e+01
5297.28, 3.058000e+01
5301.29, 3.069000e+01
5305.30, 3.069000e+01
5309.29, 3.036000e+01
5313.29, 3.058000e+01
5317.28, 3.047000e+01
5321.30, 3.047000e+01
5325.30, 3.025000e+01
5329.31, 3.036000e+01
5333.30, 3.025000e+01
5337.32, 3.047000e+01
5341.33, 3.025000e+01
5345.32, 3.036000e+01
5349.33, 3.047000e+01
5353.33, 3.047000e+01
5357.33, 3.047000e+01
5361.34, 3.014000e+01
5365.35, 3.036000e+01
5369.33, 3.025000e+01
5373.35, 3.047000e+01
5377.36, 3.047000e+01
5381.36, 3.058000e+01
5385.37, 3.025000e+01
5389.37, 3.036000e+01
5393.37, 3.036000e+01
5397.37, 3.014000e+01
5401.37, 3.047000e+01
5405.38, 3.036000e+01
5409.37, 3.036000e+01
5413.39, 3.047000e+01
5417.39, 3.036000e+01
5421.40, 3.036000e+01
5425.40, 3.047000e+01
5429.40, 3.025000e+01
5433.41, 3.025000e+01
5437.42, 3.036000e+01
5441.40, 3.025000e+01
5445.42, 3.003000e+01
5449.41, 2.992000e+01
5453.43, 3.036000e+01
5457.43, 3.003000e+01
5461.43, 3.014000e+01
5465.44, 3.003000e+01
5469.44, 3.025000e+01
5473.44, 3.036000e+01
5477.45, 3.025000e+01
5481.46, 3.014000e+01
5485.46, 2.992000e+01
5489.46, 3.025000e+01
5493.45, 2.992000e+01
5497.46, 3.003000e+01
5501.47, 3.014000e+01
5505.48, 3.036000e+01
5509.47, 3.036000e+01
5513.48, 3.014000e+01
5517.48, 3.025000e+01
5521.48, 3.025000e+01
5525.48, 3.014000e+01
5529.50, 3.025000e+01
5533.49, 3.014000e+01
5537.49, 3.014000e+01
5541.50, 3.014000e+01
5545.50, 3.025000e+01
5549.51, 3.014000e+01
5553.51, 3.025000e+01
5557.52, 3.003000e+01
5561.52, 3.003000e+01
5565.51, 3.014000e+01
5569.53, 2.992000e+01
5573.53, 2.981000e+01
5577.53, 2.992000e+01
5581.55, 3.003000e+01
5585.54, 2.992000e+01
5589.54, 3.003000e+01
5593.56, 3.003000e+01
5597.56, 3.003000e+01
5601.57, 2.992000e+01
5605.56, 2.981000e+01
5609.57, 2.970000e+01
5613.57, 2.970000e+01
5617.58, 2.992000e+01
5621.57, 2.970000e+01
5625.58, 2.981000e+01
5629.59, 2.992000e+01
5633.59, 2.992000e+01
5637.60, 2.981000e+01
5641.59, 2.992000e+01
5645.60, 2.981000e+01
5649.60, 2.959000e+01
5653.60, 2.970000e+01
5657.61, 2.981000e+01
5661.61, 2.981000e+01
5665.61, 2.981000e+01
5669.62, 2.948000e+01
5673.62, 2.992000e+01
5677.61, 2.992000e+01
5681.63, 2.959000e+01
5685.64, 2.992000e+01
5689.65, 2.959000e+01
5693.63, 2.948000e+01
5697.65, 2.970000e+01
5701.65, 2.948000e+01
5705.66, 2.981000e+01
5709.65, 2.970000e+01
5713.68, 2.981000e+01
5717.67, 2.970000e+01
5721.67, 2.948000e+01
5725.68, 2.981000e+01
5729.68, 2.970000e+01
5733.68, 2.959000e+01
5737.69, 2.948000e+01
5741.68, 2.937000e+01
5745.70, 2.970000e+01
5749.70, 2.959000e+01
5753.70, 2.959000e+01
5757.71, 2.981000e+01
5761.69, 2.948000e+01
5765.72, 2.959000e+01
5769.71, 2.948000e+01
5773.73, 2.970000e+01
5777.71, 2.948000e+01
5781.72, 2.937000e+01
5785.74, 2.948000e+01
5789.73, 2.948000e+01
5793.74, 2.970000e+01
5797.75, 2.970000e+01
5801.75, 2.948000e+01
5805.74, 2.959000e+01
5809.76, 2.970000e+01
5813.76, 2.948000e+01
5817.76, 2.948000e+01
5821.76, 2.959000e+01
5825.77, 2.926000e+01
5829.77, 2.926000e+01
5833.77, 2.959000e+01
5837.77, 2.948000e+01
5841.79, 2.937000e+01
5845.79, 2.937000e+01
5849.79, 2.937000e+01
5853.79, 2.937000e+01
5857.80, 2.937000e+01
5861.80, 2.937000e+01
5865.81, 2.937000e+01
5869.81, 2.948000e+01
5873.82, 2.948000e+01
5877.81, 2.948000e+01
5881.81, 2.926000e+01
5885.83, 2.937000e+01
5889.83, 2.948000e+01
5893.82, 2.937000e+01
5897.83, 2.937000e+01
5901.84, 2.926000e+01
5905.85, 2.915000e+01
5909.86, 2.948000e+01
5913.85, 2.948000e+01
5917.84, 2.904000e+01
5921.85, 2.948000e+01
5925.86, 2.904000e+01
5929.87, 2.937000e+01
5933.86, 2.937000e+01
5937.88, 2.926000e+01
5941.87, 2.904000e+01
5945.87, 2.904000e+01
5949.89, 2.915000e+01
5953.87, 2.937000e+01
5957.90, 2.926000e+01
5961.88, 2.904000e+01
5965.91, 2.937000e+01
5969.90, 2.915000e+01
5973.91, 2.937000e+01
5977.90, 2.937000e+01
5981.91, 2.937000e+01
5985.91, 2.915000e+01
5989.91, 2.926000e+01
5993.92, 2.915000e+01
5997.92, 2.894000e+01
6001.94, 2.904000e+01
6005.92, 2.926000e+01
6009.95, 2.904000e+01
6013.94, 2.904000e+01
6017.94, 2.904000e+01
6021.95, 2.915000e+01
6025.95, 2.926000e+01
6029.94, 2.915000e+01
6033.97, 2.894000e+01
6037.96, 2.915000e+01
6041.97, 2.894000e+01
6045.98, 2.915000e+01
6049.97, 2.894000e+01
6053.98, 2.915000e+01
6057.99, 2.904000e+01
6061.98, 2.894000e+01
6065.98, 2.915000e+01
6070.01, 2.872000e+01
6074.00, 2.915000e+01
6078.00, 2.915000e+01
6082.00, 2.915000e+01
6086.01, 2.894000e+01
6090.02, 2.894000e+01
6094.02, 2.872000e+01
6098.01, 2.904000e+01
6102.03, 2.904000e+01
6106.02, 2.894000e+01
6110.04, 2.904000e+01
6114.03, 2.883000e+01
6118.03, 2.883000e+01
6122.04, 2.894000e+01
6126.04, 2.904000e+01
6130.05, 2.894000e+01
6134.05, 2.894000e+01
6138.05, 2.894000e+01
6142.05, 2.883000e+01
6146.07, 2.904000e+01
6150.06, 2.894000e+01
6154.07, 2.861000e+01
6158.08, 2.894000e+01
6162.09, 2.904000e+01
6166.08, 2.894000e+01
6170.09, 2.872000e+01
6174.10, 2.894000e+01
6178.11, 2.883000e+01
6182.10, 2.894000e+01
6186.10, 2.894000e+01
6190.11, 2.872000e+01
6194.11, 2.872000e+01
6198.11, 2.850000e+01
6202.12, 2.894000e+01
6206.12, 2.861000e+01
6210.12, 2.861000e+01
6214.13, 2.850000e+01
6218.13, 2.894000e+01
6222.13, 2.894000e+01
6226.14, 2.894000e+01
6230.14, 2.850000e+01
6234.14, 2.872000e+01
6238.15, 2.872000e+01
6242.15, 2.883000e+01
6246.16, 2.850000e+01
6250.15, 2.883000e+01
6254.17, 2.883000e+01
6258.18, 2.850000e+01
6262.17, 2.861000e+01
6266.17, 2.850000e+01
6270.18, 2.883000e+01
6274.18, 2.883000e+01
6278.19, 2.839000e+01
6282.19, 2.883000e+01
6286.20, 2.872000e+01
6290.19, 2.839000e+01
6294.21, 2.872000e+01
6298.21, 2.883000e+01
6302.21, 2.883000e+01
6306.22, 2.839000e+01
6310.22, 2.872000e+01
6314.23, 2.850000e+01
6318.23, 2.839000e+01
6322.24, 2.872000e+01
6326.22, 2.839000e+01
6330.22, 2.839000e+01
6334.23, 2.828000e+01
6338.25, 2.861000e+01
6342.24, 2.872000e+01
6346.25, 2.828000e+01
6350.26, 2.850000e+01
6354.26, 2.872000e+01
6358.26, 2.861000e+01
6362.27, 2.861000e+01
6366.27, 2.861000e+01
6370.27, 2.850000e+01
6374.27, 2.839000e+01
6378.28, 2.861000e+01
6382.28, 2.861000e+01
6386.27, 2.828000e+01
6390.30, 2.861000e+01
6394.31, 2.850000e+01
6398.29, 2.850000e+01
6402.30, 2.850000e+01
6406.31, 2.861000e+01
6410.32, 2.839000e+01
6414.32, 2.839000e+01
6418.31, 2.850000e+01
6422.32, 2.828000e+01
6426.32, 2.861000e+01
6430.33, 2.861000e+01
6434.34, 2.850000e+01
6438.32, 2.850000e+01
6442.32, 2.850000e+01
6446.35, 2.839000e+01
6450.35, 2.861000e+01
6454.35, 2.839000e+01
6458.35, 2.839000e+01
6462.35, 2.839000e+01
6466.37, 2.818000e+01
6470.36, 2.839000e+01
6474.37, 2.850000e+01
6478.37, 2.839000e+01
6482.38, 2.828000e+01
6486.38, 2.850000e+01
6490.39, 2.828000e+01
6494.39, 2.818000e+01
6498.40, 2.807000e+01
6502.40, 2.807000e+01
6506.40, 2.828000e+01
6510.41, 2.828000e+01
6514.40, 2.818000e+01
6518.41, 2.839000e+01
6522.40, 2.850000e+01
6526.41, 2.796000e+01
6530.42, 2.839000e+01
6534.43, 2.807000e+01
6538.44, 2.818000e+01
6542.43, 2.839000e+01
6546.42, 2.828000e+01
6550.44, 2.796000e+01
6554.43, 2.818000e+01
6558.44, 2.818000e+01
6562.44, 2.828000e+01
6566.46, 2.828000e+01
6570.44, 2.839000e+01
6574.47, 2.818000e+01
6578.46, 2.828000e+01
6582.48, 2.839000e+01
6586.48, 2.818000e+01
6590.47, 2.807000e+01
6594.48, 2.828000e+01
6598.48, 2.818000e+01
6602.48, 2.818000e+01
6606.50, 2.818000e+01
6610.49, 2.796000e+01
6614.50, 2.828000e+01
6618.51, 2.828000e+01
6622.50, 2.807000e+01
6626.51, 2.796000e+01
6630.52, 2.828000e+01
6634.53, 2.785000e+01
6638.51, 2.807000e+01
6642.53, 2.796000e+01
6646.52, 2.818000e+01
6650.54, 2.807000e+01
6654.54, 2.807000e+01
6658.55, 2.828000e+01
6662.54, 2.785000e+01
6666.55, 2.818000e+01
6670.54, 2.818000e+01
6674.55, 2.818000e+01
6678.54, 2.818000e+01
6682.55, 2.807000e+01
6686.56, 2.818000e+01
6690.57, 2.818000e+01
6694.57, 2.785000e+01
6698.56, 2.818000e+01
6702.58, 2.818000e+01
6706.58, 2.774000e+01
6710.59, 2.796000e+01
6714.59, 2.807000e+01
6718.59, 2.785000e+01
6722.61, 2.774000e+01
6726.61, 2.818000e+01
6730.61, 2.807000e+01
6734.60, 2.796000e+01
6738.60, 2.774000e+01
6742.61, 2.774000e+01
6746.62, 2.785000e+01
6750.63, 2.796000e+01
6754.64, 2.807000e+01
6758.63, 2.774000e+01
6762.64, 2.796000e+01
6766.63, 2.807000e+01
6770.63, 2.774000e+01
6774.66, 2.807000e+01
6778.66, 2.796000e+01
6782.65, 2.774000e+01
6786.66, 2.796000e+01
6790.65, 2.796000e+01
6794.67, 2.764000e+01
6798.68, 2.785000e+01
6802.67, 2.796000e+01
6806.69, 2.796000e+01
6810.68, 2.796000e+01
6814.69, 2.774000e+01
6818.69, 2.796000e+01
6822.69, 2.785000e+01
6826.70, 2.796000e+01
6830.70, 2.785000e+01
6834.72, 2.785000e+01
6838.71, 2.796000e+01
6842.70, 2.785000e+01
6846.72, 2.774000e+01
6850.71, 2.796000e+01
6854.72, 2.764000e+01
6858.73, 2.764000e+01
6862.73, 2.753000e+01
6866.73, 2.774000e+01
6870.73, 2.753000e+01
6874.73, 2.764000e+01
6878.75, 2.785000e+01
6882.74, 2.774000e+01
6886.75, 2.764000e+01
6890.76, 2.764000e+01
6894.75, 2.753000e+01
6898.76, 2.785000e+01
6902.77, 2.774000e+01
6906.77, 2.753000e+01
6910.77, 2.753000e+01
6914.79, 2.785000e+01
6918.77, 2.785000e+01
6922.79, 2.764000e+01
6926.79, 2.785000e+01
6930.80, 2.774000e+01
6934.80, 2.774000e+01
6938.80, 2.764000e+01
6942.81, 2.785000e+01
6946.82, 2.774000e+01
6950.81, 2.785000e+01
6954.82, 2.785000e+01
6958.81, 2.785000e+01
6962.82, 2.785000e+01
6966.83, 2.774000e+01
6970.82, 2.764000e+01
6974.83, 2.764000e+01
6978.84, 2.774000e+01
6982.83, 2.742000e+01
6986.85, 2.774000e+01
6990.85, 2.731000e+01
6994.86, 2.742000e+01
6998.86, 2.774000e+01
7002.87, 2.774000e+01
7006.86, 2.774000e+01
7010.86, 2.764000e+01
7014.87, 2.764000e+01
7018.87, 2.764000e+01
7022.89, 2.774000e+01
7026.88, 2.764000e+01
7030.89, 2.764000e+01
7034.88, 2.774000e+01
7038.90, 2.731000e+01
7042.88, 2.753000e+01
7046.91, 2.742000e+01
7050.91, 2.764000e+01
7054.90, 2.764000e+01
7058.91, 2.753000e+01
7062.92, 2.764000e+01
7066.92, 2.764000e+01
7070.92, 2.731000e+01
7074.93, 2.742000e+01
7078.94, 2.764000e+01
7082.92, 2.742000e+01
7086.94, 2.742000e+01
7090.95, 2.731000e+01
7094.93, 2.753000e+01
7098.95, 2.764000e+01
7102.95, 2.764000e+01
7106.95, 2.764000e+01
7110.96, 2.721000e+01
7114.96, 2.721000e+01
7118.97, 2.742000e+01
7122.97, 2.764000e+01
7126.97, 2.742000e+01
7130.98, 2.753000e+01
7134.99, 2.742000e+01
7138.98, 2.753000e+01
7142.98, 2.731000e+01
7147.00, 2.731000e+01
7150.99, 2.731000e+01
7155.00, 2.721000e+01
7159.01, 2.731000e+01
7163.01, 2.753000e+01
7167.01, 2.753000e+01
7171.02, 2.731000e+01
7175.01, 2.742000e+01
7179.02, 2.721000e+01
7183.02, 2.731000e+01
7187.04, 2.731000e+01
7191.04, 2.742000e+01
7195.04, 2.742000e+01
7199.04, 2.742000e+01
7203.05, 2.731000e+01
7207.04, 2.710000e+01
7211.06, 2.742000e+01
7215.06, 2.753000e+01
7219.07, 2.742000e+01
7223.05, 2.731000e+01
7227.07, 2.721000e+01
7231.07, 2.742000e+01
7235.08, 2.742000e+01
7239.08, 2.710000e+01
7243.09, 2.731000e+01
7247.08, 2.742000e+01
7251.09, 2.710000e+01
7255.08, 2.710000e+01
7259.09, 2.731000e+01
7263.11, 2.731000e+01
7267.10, 2.742000e+01
7271.12, 2.731000e+01
7275.12, 2.710000e+01
7279.12, 2.731000e+01
7283.12, 2.742000e+01
7287.13, 2.742000e+01
7291.13, 2.742000e+01
7295.13, 2.731000e+01
7299.13, 2.742000e+01
7303.14, 2.731000e+01
7307.13, 2.710000e+01
7311.14, 2.710000e+01
7315.15, 2.699000e+01
7319.16, 2.721000e+01
7323.15, 2.721000e+01
7327.16, 2.721000e+01
7331.17, 2.699000e+01
7335.16, 2.721000e+01
7339.17, 2.731000e+01
7343.18, 2.688000e+01
7347.18, 2.688000e+01
7351.19, 2.699000e+01
7355.18, 2.721000e+01
7359.20, 2.699000e+01
7363.19, 2.731000e+01
7367.20, 2.710000e+01
7371.21, 2.699000e+01
7375.20, 2.721000e+01
7379.22, 2.731000e+01
7383.21, 2.710000e+01
7387.22, 2.710000e+01
7391.22, 2.699000e+01
7395.22, 2.710000e+01
7399.21, 2.710000e+01
7403.23, 2.710000e+01
7407.24, 2.721000e+01
7411.23, 2.699000e+01
7415.25, 2.710000e+01
7419.25, 2.688000e+01
7423.25, 2.721000e+01
7427.25, 2.721000e+01
7431.26, 2.710000e+01
7435.26, 2.699000e+01
7439.26, 2.721000e+01
7443.26, 2.710000e+01
7447.27, 2.699000e+01
7451.27, 2.710000e+01
7455.28, 2.721000e+01
7459.27, 2.678000e+01
7463.29, 2.710000e+01
7467.30, 2.688000e+01
7471.29, 2.699000e+01
7475.30, 2.710000e+01
7479.29, 2.710000e+01
7483.31, 2.721000e+01
7487.31, 2.710000e+01
7491.31, 2.699000e+01
7495.31, 2.688000e+01
7499.31, 2.688000e+01
7503.32, 2.710000e+01
7507.34, 2.688000e+01
7511.33, 2.710000e+01
7515.33, 2.721000e+01
7519.34, 2.688000e+01
7523.33, 2.688000e+01
7527.34, 2.688000e+01
7531.34, 2.710000e+01
7535.35, 2.699000e+01
7539.35, 2.699000e+01
7543.35, 2.699000e+01
7547.37, 2.688000e+01
7551.37, 2.710000e+01
7555.38, 2.678000e+01
7559.37, 2.678000e+01
7563.38, 2.699000e+01
7567.39, 2.710000e+01
7571.40, 2.710000e+01
7575.39, 2.688000e+01
7579.40, 2.699000e+01
7583.40, 2.688000e+01
7587.40, 2.688000e+01
7591.40, 2.699000e+01
7595.41, 2.678000e+01
7599.42, 2.688000e+01
7603.42, 2.688000e+01
7607.42, 2.699000e+01
7611.42, 2.699000e+01
7615.43, 2.699000e+01
7619.44, 2.667000e+01
7623.44, 2.699000e+01
7627.45, 2.688000e+01
7631.45, 2.688000e+01
7635.44, 2.667000e+01
7639.45, 2.667000e+01
7643.46, 2.667000e+01
7647.47, 2.688000e+01
7651.46, 2.656000e+01
7655.45, 2.688000e+01
7659.47, 2.688000e+01
7663.47, 2.667000e+01
7667.48, 2.699000e+01
7671.49, 2.656000e+01
7675.48, 2.710000e+01
7679.48, 2.667000e+01
7683.50, 2.656000e+01
7687.49, 2.688000e+01
7691.50, 2.688000e+01
7695.50, 2.667000e+01
7699.51, 2.667000e+01
7703.50, 2.678000e+01
7707.51, 2.656000e+01
7711.52, 2.645000e+01
7715.53, 2.688000e+01
7719.52, 2.667000e+01
7723.53, 2.688000e+01
7727.53, 2.688000e+01
7731.54, 2.667000e+01
7735.55, 2.667000e+01
7739.54, 2.688000e+01
7743.55, 2.656000e+01
7747.54, 2.667000e+01
7751.56, 2.688000e+01
7755.56, 2.667000e+01
7759.55, 2.667000e+01
7763.57, 2.656000e+01
7767.57, 2.667000e+01
7771.57, 2.688000e+01
7775.58, 2.688000e+01
7779.59, 2.678000e+01
7783.57, 2.678000e+01
7787.59, 2.688000e+01
7791.58, 2.678000e+01
7795.59, 2.667000e+01
7799.60, 2.678000e+01
7803.61, 2.667000e+01
7807.61, 2.656000e+01
7811.60, 2.678000e+01
7815.61, 2.678000e+01
7819.60, 2.667000e+01
7823.62, 2.667000e+01
7827.63, 2.645000e+01
7831.63, 2.688000e+01
7835.63, 2.678000e+01
7839.64, 2.678000e+01
7843.65, 2.678000e+01
7847.64, 2.656000e+01
7851.63, 2.678000e+01
7855.65, 2.656000e+01
7859.66, 2.678000e+01
7863.66, 2.645000e+01
7867.67, 2.678000e+01
7871.66, 2.678000e+01
7875.66, 2.635000e+01
7879.67, 2.678000e+01
7883.68, 2.656000e+01
7887.68, 2.656000e+01
7891.68, 2.656000e+01
7895.69, 2.656000e+01
7899.70, 2.678000e+01
7903.70, 2.645000e+01
7907.70, 2.667000e+01
7911.70, 2.645000e+01
7915.71, 2.656000e+01
7919.72, 2.656000e+01
7923.72, 2.635000e+01
7927.72, 2.656000e+01
7931.72, 2.656000e+01
7935.72, 2.667000e+01
7939.74, 2.678000e+01
7943.73, 2.656000e+01
7947.73, 2.667000e+01
7951.74, 2.667000e+01
7955.75, 2.656000e+01
7959.74, 2.624000e+01
7963.76, 2.635000e+01
7967.76, 2.667000e+01
7971.76, 2.635000e+01
7975.77, 2.645000e+01
7979.77, 2.645000e+01
7983.78, 2.656000e+01
7987.78, 2.667000e+01
7991.78, 2.667000e+01
7995.77, 2.624000e+01
7999.78, 2.645000e+01
8003.80, 2.667000e+01
8007.80, 2.645000e+01
8011.80, 2.645000e+01
8015.80, 2.645000e+01
8019.80, 2.656000e+01
8023.80, 2.656000e+01
8027.82, 2.656000e+01
8031.81, 2.645000e+01
8035.81, 2.645000e+01
8039.81, 2.656000e+01
8043.83, 2.635000e+01
8047.83, 2.656000e+01
8051.82, 2.613000e+01
8055.83, 2.667000e+01
8059.84, 2.645000e+01
8063.85, 2.624000e+01
8067.84, 2.624000e+01
8071.86, 2.635000e+01
8075.85, 2.656000e+01
8079.86, 2.635000e+01
8083.86, 2.624000e+01
8087.87, 2.624000e+01
8091.86, 2.635000e+01
8095.87, 2.656000e+01
8099.89, 2.656000e+01
8103.88, 2.645000e+01
8107.89, 2.656000e+01
8111.90, 2.656000e+01
8115.89, 2.635000e+01
8119.90, 2.635000e+01
8123.89, 2.635000e+01
8127.90, 2.635000e+01
8131.90, 2.656000e+01
8135.90, 2.645000e+01
8139.92, 2.635000e+01
8143.91, 2.635000e+01
8147.93, 2.613000e+01
8151.93, 2.635000e+01
8155.93, 2.645000e+01
8159.93, 2.645000e+01
8163.94, 2.613000e+01
8167.93, 2.624000e+01
8171.95, 2.635000e+01
8175.95, 2.656000e+01
8179.96, 2.645000e+01
8183.96, 2.645000e+01
8187.94, 2.613000e+01
8191.95, 2.645000e+01
8195.97, 2.635000e+01
8199.97, 2.656000e+01
8203.97, 2.613000e+01
8207.97, 2.624000e+01
8211.99, 2.645000e+01
8215.98, 2.624000e+01
8219.98, 2.656000e+01
8223.99, 2.645000e+01
8228.00, 2.624000e+01
8232.01, 2.635000e+01
8236.01, 2.645000e+01
8240.00, 2.645000e+01
8244.02, 2.624000e+01
8248.00, 2.635000e+01
8252.02, 2.635000e+01
8256.01, 2.613000e+01
8260.03, 2.635000e+01
8264.03, 2.624000e+01
8268.04, 2.592000e+01
8272.05, 2.603000e+01
8276.05, 2.603000e+01
8280.03, 2.603000e+01
8284.05, 2.635000e+01
8288.06, 2.613000e+01
8292.05, 2.613000e+01
8296.06, 2.613000e+01
8300.06, 2.624000e+01
8304.08, 2.624000e+01
8308.06, 2.635000e+01
8312.07, 2.603000e+01
8316.09, 2.613000e+01
8320.08, 2.624000e+01
8324.07, 2.645000e+01
8328.09, 2.624000e+01
8332.09, 2.624000e+01
8336.10, 2.635000e+01
8340.09, 2.624000e+01
8344.10, 2.624000e+01
8348.11, 2.635000e+01
8352.12, 2.613000e+01
8356.11, 2.613000e+01
8360.10, 2.613000e+01
8364.11, 2.624000e+01
8368.12, 2.613000e+01
8372.13, 2.613000e+01
8376.13, 2.603000e+01
8380.15, 2.624000e+01
8384.14, 2.592000e+01
8388.16, 2.592000e+01
8392.15, 2.635000e+01
8396.16, 2.592000e+01
8400.14, 2.624000e+01
8404.17, 2.603000e+01
8408.17, 2.613000e+01
8412.16, 2.613000e+01
8416.17, 2.613000e+01
8420.16, 2.581000e+01
8424.17, 2.603000e+01
8428.19, 2.624000e+01
8432.18, 2.613000e+01
8436.20, 2.635000e+01
8440.19, 2.603000e+01
8444.20, 2.624000e+01
8448.21, 2.624000e+01
8452.19, 2.624000e+01
8456.22, 2.635000e+01
8460.21, 2.603000e+01
8464.21, 2.603000e+01
8468.22, 2.603000e+01
8472.22, 2.624000e+01
8476.22, 2.603000e+01
8480.23, 2.603000e+01
8484.24, 2.624000e+01
8488.23, 2.613000e+01
8492.24, 2.624000e+01
8496.25, 2.624000e+01
8500.25, 2.603000e+01
8504.25, 2.603000e+01
8508.25, 2.613000e+01
8512.26, 2.571000e+01
8516.27, 2.603000e+01
8520.27, 2.592000e+01
8524.27, 2.603000e+01
8528.26, 2.624000e+01
8532.27, 2.624000e+01
8536.29, 2.613000e+01
8540.27, 2.581000e+01
8544.28, 2.581000e+01
8548.30, 2.613000e+01
8552.29, 2.613000e+01
8556.30, 2.613000e+01
8560.30, 2.603000e+01
8564.31, 2.624000e+01
8568.32, 2.603000e+01
8572.31, 2.603000e+01
8576.32, 2.581000e+01
8580.32, 2.592000e+01
8584.33, 2.581000e+01
8588.33, 2.613000e+01
8592.33, 2.592000e+01
8596.35, 2.592000e+01
8600.34, 2.581000e+01
8604.34, 2.603000e+01
8608.34, 2.592000e+01
8612.36, 2.592000e+01
8616.36, 2.613000e+01
8620.36, 2.613000e+01
8624.36, 2.571000e+01
8628.36, 2.581000e+01
8632.37, 2.571000e+01
8636.38, 2.592000e+01
8640.36, 2.603000e+01
8644.37, 2.603000e+01
8648.38, 2.581000e+01
8652.39, 2.603000e+01
8656.39, 2.613000e+01
8660.40, 2.581000e+01
8664.41, 2.592000e+01
8668.39, 2.581000e+01
8672.41, 2.592000e+01
8676.41, 2.571000e+01
8680.41, 2.603000e+01
8684.40, 2.592000e+01
8688.41, 2.581000e+01
8692.42, 2.581000e+01
8696.43, 2.592000e+01
8700.42, 2.603000e+01
8704.43, 2.592000e+01
8708.44, 2.592000e+01
8712.43, 2.581000e+01
8716.45, 2.581000e+01
8720.46, 2.592000e+01
8724.45, 2.603000e+01
8728.46, 2.592000e+01
8732.47, 2.581000e+01
8736.48, 2.571000e+01
8740.47, 2.592000e+01
8744.47, 2.571000e+01
8748.48, 2.592000e+01
8752.49, 2.592000e+01
8756.48, 2.592000e+01
8760.48, 2.603000e+01
8764.48, 2.603000e+01
8768.49, 2.603000e+01
8772.50, 2.603000e+01
8776.51, 2.592000e+01
8780.50, 2.560000e+01
8784.50, 2.592000e+01
8788.51, 2.592000e+01
8792.51, 2.560000e+01
8796.53, 2.581000e+01
8800.51, 2.581000e+01
8804.53, 2.581000e+01
8808.54, 2.592000e+01
8812.54, 2.592000e+01
8816.55, 2.581000e+01
8820.54, 2.571000e+01
8824.55, 2.581000e+01
8828.55, 2.581000e+01
8832.56, 2.581000e+01
8836.56, 2.592000e+01
8840.57, 2.571000e+01
8844.57, 2.560000e+01
8848.58, 2.592000e+01
8852.57, 2.592000e+01
8856.58, 2.571000e+01
8860.57, 2.581000e+01
8864.59, 2.581000e+01
8868.60, 2.571000e+01
8872.58, 2.571000e+01
8876.59, 2.592000e+01
8880.59, 2.549000e+01
8884.59, 2.560000e+01
8888.61, 2.560000e+01
8892.62, 2.581000e+01
8896.61, 2.549000e+01
8900.63, 2.560000e+01
8904.62, 2.571000e+01
8908.62, 2.571000e+01
8912.63, 2.560000e+01
8916.64, 2.571000e+01
8920.64, 2.581000e+01
8924.65, 2.571000e+01
8928.63, 2.571000e+01
8932.66, 2.549000e+01
8936.66, 2.581000e+01
8940.65, 2.571000e+01
8944.65, 2.581000e+01
8948.66, 2.581000e+01
8952.67, 2.592000e+01
8956.68, 2.571000e+01
8960.66, 2.581000e+01
8964.69, 2.560000e+01
8968.69, 2.549000e+01
8972.69, 2.549000e+01
8976.69, 2.581000e+01
8980.70, 2.571000e+01
8984.70, 2.581000e+01
8988.70, 2.560000e+01
8992.70, 2.581000e+01
8996.71, 2.549000e+01
9000.70, 2.549000e+01
9004.71, 2.571000e+01
9008.73, 2.560000e+01
9012.72, 2.549000e+01
9016.72, 2.539000e+01
9020.73, 2.571000e+01
9024.73, 2.571000e+01
9028.75, 2.539000e+01
9032.75, 2.571000e+01
9036.75, 2.581000e+01
9040.75, 2.571000e+01
9044.75, 2.549000e+01
9048.76, 2.560000e+01
9052.77, 2.539000e+01
9056.77, 2.549000e+01
9060.77, 2.571000e+01
9064.78, 2.549000e+01
9068.77, 2.549000e+01
9072.79, 2.571000e+01
9076.77, 2.571000e+01
9080.79, 2.581000e+01
9084.79, 2.539000e+01
9088.80, 2.571000e+01
9092.79, 2.571000e+01
9096.79, 2.549000e+01
9100.80, 2.560000e+01
9104.79, 2.571000e+01
9108.82, 2.581000e+01
9112.81, 2.571000e+01
9116.81, 2.571000e+01
9120.83, 2.571000e+01
9124.83, 2.581000e+01
9128.83, 2.571000e+01
9132.83, 2.549000e+01
9136.84, 2.571000e+01
9140.84, 2.571000e+01
9144.84, 2.571000e+01
9148.84, 2.549000e+01
9152.85, 2.560000e+01
9156.85, 2.560000e+01
9160.86, 2.549000e+01
9164.86, 2.571000e+01
9168.88, 2.571000e+01
9172.87, 2.560000e+01
9176.88, 2.560000e+01
9180.89, 2.560000e+01
9184.88, 2.549000e+01
9188.89, 2.571000e+01
9192.89, 2.528000e+01
9196.88, 2.539000e+01
9200.90, 2.539000e+01
9204.89, 2.571000e+01
9208.92, 2.560000e+01
9212.91, 2.539000e+01
9216.90, 2.539000e+01
9220.93, 2.571000e+01
9224.93, 2.528000e+01
9228.92, 2.571000e+01
9232.92, 2.549000e+01
9236.93, 2.560000e+01
9240.94, 2.560000e+01
9244.93, 2.560000e+01
9248.94, 2.528000e+01
9252.94, 2.571000e+01
9256.95, 2.549000e+01
9260.95, 2.571000e+01
9264.94, 2.539000e+01
9268.96, 2.560000e+01
9272.95, 2.560000e+01
9276.98, 2.560000e+01
9280.96, 2.560000e+01
9284.98, 2.539000e+01
9288.97, 2.539000e+01
9292.98, 2.560000e+01
9296.99, 2.560000e+01
9300.99, 2.528000e+01
9305.00, 2.549000e+01
9308.99, 2.560000e+01
9313.00, 2.549000e+01
9317.01, 2.549000e+01
9321.02, 2.539000e+01
9325.02, 2.549000e+01
9329.01, 2.560000e+01
9333.02, 2.549000e+01
9337.03, 2.539000e+01
9341.04, 2.539000e+01
9345.02, 2.539000e+01
9349.04, 2.539000e+01
9353.03, 2.539000e+01
9357.03, 2.528000e+01
9361.04, 2.539000e+01
9365.06, 2.560000e+01
9369.05, 2.560000e+01
9373.06, 2.560000e+01
9377.06, 2.517000e+01
9381.07, 2.528000e+01
9385.06, 2.539000e+01
9389.06, 2.549000e+01
9393.09, 2.560000e+01
9397.08, 2.549000e+01
9401.09, 2.539000e+01
9405.09, 2.549000e+01
9409.09, 2.517000e+01
9413.09, 2.539000e+01
9417.10, 2.528000e+01
9421.11, 2.517000e+01
9425.10, 2.539000e+01
9429.11, 2.517000e+01
9433.11, 2.528000e+01
9437.12, 2.528000e+01
9441.10, 2.549000e+01
9445.11, 2.517000e+01
9449.13, 2.549000e+01
9453.13, 2.549000e+01
9457.13, 2.549000e+01
9461.13, 2.517000e+01
9465.13, 2.549000e+01
9469.14, 2.528000e+01
9473.15, 2.539000e+01
9477.16, 2.528000e+01
9481.16, 2.539000e+01
9485.15, 2.539000e+01
9489.16, 2.539000e+01
9493.17, 2.549000e+01
9497.18, 2.507000e+01
9501.18, 2.528000e+01
9505.18, 2.539000e+01
9509.19, 2.549000e+01
9513.20, 2.549000e+01
9517.20, 2.549000e+01
9521.20, 2.549000e+01
9525.20, 2.549000e+01
9529.20, 2.517000e+01
9533.22, 2.539000e+01
9537.22, 2.549000e+01
9541.21, 2.539000e+01
9545.22, 2.539000e+01
9549.23, 2.539000e+01
9553.21, 2.539000e+01
9557.21, 2.528000e+01
9561.22, 2.549000e+01
9565.23, 2.507000e+01
9569.24, 2.528000e+01
9573.24, 2.539000e+01
9577.25, 2.517000e+01
9581.24, 2.539000e+01
9585.24, 2.539000e+01
9589.26, 2.539000e+01
9593.26, 2.517000e+01
9597.27, 2.539000e+01
9601.27, 2.528000e+01
9605.30, 2.549000e+01
9609.28, 2.539000e+01
9613.27, 2.517000e+01
9617.27, 2.539000e+01
9621.30, 2.517000e+01
9625.30, 2.539000e+01
9629.30, 2.539000e+01
9633.30, 2.539000e+01
9637.30, 2.528000e+01
9641.30, 2.507000e+01
9645.31, 2.507000e+01
9649.31, 2.507000e+01
9653.32, 2.496000e+01
9657.32, 2.517000e+01
9661.32, 2.507000e+01
9665.32, 2.517000e+01
9669.33, 2.528000e+01
9673.33, 2.539000e+01
9677.34, 2.528000e+01
9681.35, 2.528000e+01
9685.35, 2.507000e+01
9689.36, 2.507000e+01
9693.35, 2.496000e+01
9697.36, 2.517000e+01
9701.36, 2.528000e+01
9705.37, 2.496000e+01
9709.37, 2.539000e+01
9713.36, 2.528000e+01
9717.38, 2.539000e+01
9721.39, 2.517000e+01
9725.37, 2.517000e+01
9729.40, 2.517000e+01
9733.38, 2.528000e+01
9737.38, 2.528000e+01
9741.40, 2.528000e+01
9745.41, 2.517000e+01
9749.40, 2.517000e+01
9753.40, 2.528000e+01
9757.42, 2.507000e+01
9761.40, 2.507000e+01
9765.43, 2.539000e+01
9769.42, 2.507000e+01
9773.43, 2.496000e+01
9777.44, 2.528000e+01
9781.44, 2.528000e+01
9785.43, 2.507000e+01
9789.45, 2.528000e+01
9793.45, 2.528000e+01
9797.44, 2.507000e+01
9801.46, 2.517000e+01
9805.46, 2.517000e+01
9809.47, 2.528000e+01
9813.46, 2.528000e+01
9817.47, 2.507000e+01
9821.46, 2.528000e+01
9825.47, 2.528000e+01
9829.48, 2.507000e+01
9833.49, 2.496000e+01
9837.49, 2.517000e+01
9841.48, 2.485000e+01
9845.49, 2.528000e+01
9849.49, 2.517000e+01
9853.50, 2.517000e+01
9857.50, 2.517000e+01
9861.51, 2.517000e+01
9865.52, 2.507000e+01
9869.52, 2.485000e+01
9873.52, 2.517000e+01
9877.53, 2.496000e+01
9881.52, 2.528000e+01
9885.53, 2.517000e+01
9889.54, 2.464000e+01
9893.55, 2.485000e+01
9897.54, 2.517000e+01
9901.53, 2.485000e+01
9905.56, 2.528000e+01
9909.55, 2.507000e+01
9913.56, 2.507000e+01
9917.56, 2.507000e+01
9921.56, 2.517000e+01
9925.57, 2.485000e+01
9929.56, 2.496000e+01
9933.58, 2.528000e+01
9937.59, 2.496000e+01
9941.59, 2.507000e+01
9945.58, 2.517000e+01
9949.59, 2.517000e+01
9953.60, 2.485000e+01
9957.59, 2.517000e+01
9961.60, 2.507000e+01
9965.61, 2.496000e+01
9969.61, 2.517000e+01
9973.61, 2.507000e+01
9977.62, 2.517000e+01
9981.62, 2.475000e+01
9985.62, 2.507000e+01
9989.62, 2.507000e+01
9993.63, 2.507000e+01
9997.63, 2.485000e+01
10001.64, 2.485000e+01
10005.65, 2.507000e+01
10009.64, 2.517000e+01
10013.66, 2.507000e+01
10017.65, 2.485000e+01
10021.65, 2.517000e+01
10025.67, 2.485000e+01
10029.67, 2.517000e+01
10033.67, 2.496000e+01
10037.67, 2.517000e+01
10041.68, 2.517000e+01
10045.68, 2.517000e+01
10049.68, 2.517000e+01
10053.68, 2.485000e+01
10057.69, 2.475000e+01
10061.69, 2.475000e+01
10065.70, 2.475000e+01
10069.70, 2.517000e+01
10073.70, 2.507000e+01
10077.70, 2.485000e+01
10081.71, 2.507000e+01
10085.71, 2.517000e+01
10089.71, 2.496000e+01
10093.72, 2.507000e+01
10097.73, 2.517000e+01
10101.72, 2.517000e+01
10105.74, 2.496000e+01
10109.74, 2.485000e+01
10113.75, 2.485000e+01
10117.75, 2.485000e+01
10121.75, 2.507000e+01
10125.74, 2.496000e+01
10129.75, 2.507000e+01
10133.75, 2.485000e+01
10137.76, 2.496000e+01
10141.77, 2.485000e+01
10145.77, 2.496000e+01
10149.77, 2.475000e+01
10153.77, 2.485000e+01
10157.79, 2.507000e+01
10161.79, 2.507000e+01
10165.78, 2.475000e+01
10169.80, 2.485000e+01
10173.79, 2.485000e+01
10177.80, 2.475000e+01
10181.81, 2.496000e+01
10185.81, 2.507000e+01
10189.81, 2.496000e+01
10193.81, 2.475000e+01
10197.82, 2.475000e+01
10201.83, 2.485000e+01
10205.83, 2.496000e+01
10209.82, 2.507000e+01
10213.84, 2.485000e+01
10217.85, 2.507000e+01
10221.85, 2.475000e+01
10225.85, 2.496000e+01
10229.84, 2.485000e+01
10233.85, 2.507000e+01
10237.86, 2.496000e+01
10241.87, 2.485000e+01
10245.86, 2.496000e+01
10249.87, 2.496000e+01
10253.86, 2.496000e+01
10257.88, 2.496000e+01
10261.88, 2.507000e+01
10265.88, 2.485000e+01
10269.89, 2.475000e+01
10273.88, 2.475000e+01
10277.89, 2.507000e+01
10281.90, 2.496000e+01
10285.90, 2.475000e+01
10289.91, 2.496000e+01
10293.92, 2.496000e+01
10297.90, 2.507000e+01
10301.92, 2.485000e+01
10305.92, 2.475000e+01
10309.93, 2.475000e+01
10313.92, 2.496000e+01
10317.94, 2.496000e+01
10321.94, 2.496000e+01
10325.95, 2.485000e+01
10329.94, 2.475000e+01
10333.94, 2.496000e+01
10337.94, 2.507000e+01
10341.95, 2.485000e+01
10345.96, 2.485000e+01
10349.97, 2.485000e+01
10353.96, 2.475000e+01
10357.96, 2.496000e+01
10361.96, 2.464000e+01
10365.97, 2.496000e+01
10369.97, 2.496000e+01
10373.98, 2.464000e+01
10377.98, 2.475000e+01
10382.00, 2.485000e+01
10385.99, 2.464000e+01
10389.98, 2.464000e+01
10394.01, 2.464000e+01
10398.01, 2.485000e+01
10402.02, 2.485000e+01
10406.00, 2.496000e+01
10410.01, 2.496000e+01
10414.02, 2.485000e+01
10418.03, 2.496000e+01
10422.04, 2.464000e+01
10426.03, 2.464000e+01
10430.03, 2.485000e+01
10434.03, 2.475000e+01
10438.05, 2.496000e+01
10442.05, 2.496000e+01
10446.05, 2.485000e+01
10450.05, 2.496000e+01
10454.06, 2.475000e+01
10458.06, 2.453000e+01
10462.07, 2.475000e+01
10466.05, 2.485000e+01
10470.08, 2.464000e+01
10474.06, 2.496000e+01
10478.08, 2.464000e+01
10482.07, 2.464000e+01
10486.09, 2.507000e+01
10490.10, 2.475000e+01
10494.09, 2.453000e+01
10498.10, 2.453000e+01
10502.09, 2.464000e+01
10506.11, 2.485000e+01
10510.10, 2.485000e+01
10514.12, 2.464000e+01
10518.11, 2.485000e+01
10522.12, 2.485000e+01
10526.13, 2.475000e+01
10530.13, 2.453000e+01
10534.12, 2.464000e+01
10538.13, 2.464000e+01
10542.14, 2.464000e+01
10546.13, 2.475000e+01
10550.14, 2.464000e+01
10554.15, 2.475000e+01
10558.16, 2.485000e+01
10562.16, 2.475000e+01
10566.15, 2.485000e+01
10570.16, 2.475000e+01
10574.15, 2.475000e+01
10578.18, 2.475000e+01
10582.17, 2.485000e+01
10586.17, 2.464000e+01
10590.19, 2.496000e+01
10594.18, 2.485000e+01
10598.19, 2.464000e+01
10602.19, 2.475000e+01
10606.20, 2.464000e+01
10610.21, 2.485000e+01
10614.21, 2.464000e+01
10618.21, 2.453000e+01
10622.21, 2.485000e+01
10626.22, 2.475000e+01
10630.21, 2.464000e+01
10634.22, 2.464000e+01
10638.23, 2.485000e+01
10642.23, 2.475000e+01
10646.24, 2.453000e+01
10650.23, 2.464000e+01
10654.24, 2.453000e+01
10658.25, 2.485000e+01
10662.25, 2.464000e+01
10666.25, 2.475000e+01
10670.26, 2.453000e+01
10674.26, 2.443000e+01
10678.26, 2.475000e+01
10682.26, 2.475000e+01
10686.27, 2.475000e+01
10690.28, 2.453000e+01
10694.28, 2.485000e+01
10698.29, 2.485000e+01
10702.28, 2.475000e+01
10706.30, 2.485000e+01
10710.30, 2.475000e+01
10714.28, 2.464000e+01
10718.31, 2.443000e+01
10722.30, 2.485000e+01
10726.31, 2.443000e+01
10730.31, 2.453000e+01
10734.32, 2.475000e+01
10738.32, 2.453000e+01
10742.33, 2.464000e+01
10746.34, 2.464000e+01
10750.33, 2.443000e+01
10754.34, 2.475000e+01
10758.33, 2.475000e+01
10762.35, 2.485000e+01
10766.34, 2.475000e+01
10770.34, 2.453000e+01
10774.35, 2.475000e+01
10778.36, 2.475000e+01
10782.37, 2.485000e+01
10786.36, 2.475000e+01
10790.36, 2.464000e+01
10794.36, 2.453000e+01
10798.37, 2.464000e+01
10802.36, 2.443000e+01
10806.39, 2.464000e+01
